Potential (V)	 Current (A)	 Elapsed Time (s)
0.10005526	 -0.00012207031	 0
0.097756721	 -0.00043701172	 0.11500013
0.09545818	 -0.00043792725	 0.23000026
0.093159638	 -0.00043713379	 0.34499976
0.090861097	 -0.00043560791	 0.45999989
0.088545009	 -0.00043450928	 0.57500002
0.086246468	 -0.00043438721	 0.69000016
0.083947927	 -0.00043359375	 0.80500029
0.081649385	 -0.00043267822	 0.91999979
0.079350844	 -0.00042944336	 1.0349999
0.077052303	 -0.00042938232	 1.15
0.074753761	 -0.0004284668	 1.2650002
0.07245522	 -0.00042694092	 1.3800003
0.070156679	 -0.00042626953	 1.4949998
0.067858137	 -0.00042547607	 1.6099999
0.065559596	 -0.00042614746	 1.7250001
0.063261054	 -0.00042529297	 1.8400002
0.060962513	 -0.00042401123	 1.9549997
0.058663972	 -0.0004208374	 2.0699998
0.05636543	 -0.00041900635	 2.185
0.054049343	 -0.00041949463	 2.3000001
0.051750802	 -0.00042034912	 2.4150002
0.050662942	 -0.00041339111	 2.5299997
0.05297903	 -0.00040997314	 2.6449999
0.055277571	 -0.00040942383	 2.76
0.057576112	 -0.00040979004	 2.8750001
0.059874654	 -0.00040960693	 2.9900003
0.062173195	 -0.00040814209	 3.1049998
0.064471737	 -0.00040795898	 3.2199999
0.066770278	 -0.00040838623	 3.335
0.069068819	 -0.00041021729	 3.4500001
0.071367361	 -0.00041094971	 3.5650003
0.073665902	 -0.00041088867	 3.6799998
0.075964443	 -0.00041131592	 3.7949999
0.078262985	 -0.00041137695	 3.91
0.080561526	 -0.0004107666	 4.0250002
0.082860067	 -0.00041143799	 4.1400003
0.085158609	 -0.0004119873	 4.2549998
0.087474696	 -0.00041021729	 4.3699999
0.089773238	 -0.0004105835	 4.4850001
0.092071779	 -0.00041143799	 4.6000002
0.09437032	 -0.00041357422	 4.7149997
0.096668862	 -0.00041265869	 4.8299998
0.098967403	 -0.00041149902	 4.945
0.10126594	 -0.00041290283	 5.0600001
0.10356449	 -0.00041314697	 5.1750002
0.10586303	 -0.00041351318	 5.2899997
0.10816157	 -0.00041442871	 5.4049999
0.11046011	 -0.00041351318	 5.52
0.11275865	 -0.00041345215	 5.6350001
0.11505719	 -0.00041595459	 5.7500002
0.11735573	 -0.00041540527	 5.8649997
0.11967182	 -0.00041387939	 5.9799999
0.12197036	 -0.00041412354	 6.095
0.1242689	 -0.00041522217	 6.2100001
0.12656745	 -0.00041693115	 6.3250003
0.12886599	 -0.00041516113	 6.4399998
0.13116453	 -0.00041546631	 6.5549999
0.13346307	 -0.00041619873	 6.67
0.13576161	 -0.00041571045	 6.7850002
0.13806015	 -0.00041601562	 6.9000003
0.14035869	 -0.00041540527	 7.0149998
0.14265724	 -0.00041595459	 7.1299999
0.14495578	 -0.00041711426	 7.2450001
0.14725432	 -0.00041711426	 7.3600002
0.14955286	 -0.00041705322	 7.4749997
0.15186895	 -0.00041644287	 7.5899998
0.15416749	 -0.00041723633	 7.7049999
0.15646603	 -0.00041784668	 7.8200001
0.15876457	 -0.00041870117	 7.9350002
0.16106311	 -0.00041882324	 8.0499997
0.16336165	 -0.00041705322	 8.1649998
0.1656602	 -0.00041717529	 8.28
0.16795874	 -0.00041833496	 8.3950001
0.17025728	 -0.00042022705	 8.5100002
0.17255582	 -0.00042028809	 8.6249997
0.17485436	 -0.00041931152	 8.7399999
0.1771529	 -0.00042004395	 8.855
0.17945144	 -0.00041912842	 8.9700001
0.18174998	 -0.00042041016	 9.0850003
0.18404853	 -0.00042102051	 9.1999998
0.18636461	 -0.00042114258	 9.3149999
0.18866315	 -0.00042132568	 9.43
0.1909617	 -0.00042102051	 9.5450002
0.19326024	 -0.00042028809	 9.6600003
0.19555878	 -0.0004206543	 9.7749998
0.19785732	 -0.00042071533	 9.8899999
0.20015586	 -0.00042022705	 10.005
0.2024544	 -0.00041967773	 10.12
0.20475294	 -0.00042144775	 10.235
0.20705149	 -0.00041894531	 10.35
0.20935003	 -0.00042218018	 10.465
0.21164857	 -0.00042382813	 10.58
0.21394711	 -0.00042297363	 10.695
0.21624565	 -0.00042303467	 10.81
0.21856174	 -0.00042333984	 10.925
0.22086028	 -0.00042376709	 11.04
0.22315882	 -0.00042425537	 11.155
0.22545736	 -0.00042419434	 11.27
0.2277559	 -0.00042327881	 11.385
0.23005445	 -0.00042358398	 11.5
0.23235299	 -0.00042462158	 11.615
0.23465153	 -0.00042462158	 11.73
0.23695007	 -0.00042529297	 11.845
0.23924861	 -0.00042382813	 11.96
0.24154715	 -0.00042523193	 12.075
0.24384569	 -0.00042449951	 12.19
0.24614424	 -0.00042340088	 12.305
0.24844278	 -0.00042523193	 12.42
0.25075886	 -0.00042645264	 12.535
0.25305741	 -0.0004263916	 12.65
0.25535595	 -0.00042712402	 12.765
0.25765449	 -0.00042590332	 12.88
0.25995303	 -0.00042449951	 12.995
0.26225157	 -0.00042498779	 13.11
0.26455011	 -0.00042553711	 13.225
0.26684865	 -0.00042559814	 13.34
0.26914719	 -0.00042651367	 13.455
0.27144574	 -0.00042626953	 13.57
0.27374428	 -0.00042474365	 13.685
0.27604282	 -0.00042675781	 13.8
0.27834136	 -0.0004274292	 13.915
0.2806399	 -0.00042730713	 14.03
0.28293844	 -0.0004286499	 14.145
0.28525453	 -0.00042980957	 14.26
0.28755307	 -0.00042956543	 14.375
0.28985161	 -0.00042779541	 14.49
0.29215015	 -0.00042718506	 14.605
0.2944487	 -0.0004263916	 14.72
0.29674724	 -0.00043017578	 14.835
0.29904578	 -0.0004296875	 14.95
0.30134432	 -0.00042706299	 15.065
0.30364286	 -0.000425354	 15.18
0.3059414	 -0.00042724609	 15.295
0.30823994	 -0.00042852783	 15.41
0.31053849	 -0.00042822266	 15.525
0.31283703	 -0.0004274292	 15.64
0.31513557	 -0.00042602539	 15.755
0.31745166	 -0.00042553711	 15.87
0.3197502	 -0.00042694092	 15.985
0.32204874	 -0.00042779541	 16.1
0.32434728	 -0.00042749023	 16.215
0.32664582	 -0.00042651367	 16.33
0.32894436	 -0.00042749023	 16.445
0.3312429	 -0.00042694092	 16.56
0.33354145	 -0.0004274292	 16.675
0.33583999	 -0.00042706299	 16.79
0.33813853	 -0.00042700195	 16.905
0.34043707	 -0.00042608643	 17.02
0.34273561	 -0.0004239502	 17.135
0.34503415	 -0.00042437744	 17.25
0.34733269	 -0.0004241333	 17.365
0.34964878	 -0.00042480469	 17.48
0.35194732	 -0.00042327881	 17.595
0.35424586	 -0.00042333984	 17.71
0.35654441	 -0.00042382813	 17.825
0.35884295	 -0.00042358398	 17.94
0.36114149	 -0.00042211914	 18.055
0.36344003	 -0.00042156982	 18.17
0.36573857	 -0.00042175293	 18.285
0.36803711	 -0.00042242432	 18.4
0.37033565	 -0.00042254639	 18.515
0.37263419	 -0.00042144775	 18.63
0.37493274	 -0.00042053223	 18.745
0.37723128	 -0.00042077637	 18.86
0.37952982	 -0.00042077637	 18.975
0.38182836	 -0.00041949463	 19.09
0.38414445	 -0.00041833496	 19.205
0.38644299	 -0.00041796875	 19.32
0.38874153	 -0.00041809082	 19.435
0.39104007	 -0.00041870117	 19.55
0.39333861	 -0.00041925049	 19.665
0.39563715	 -0.00041918945	 19.78
0.3979357	 -0.00041827393	 19.895
0.40023424	 -0.00041790771	 20.01
0.40253278	 -0.00041802979	 20.125
0.40483132	 -0.00041662598	 20.24
0.40712986	 -0.00041473389	 20.355
0.4094284	 -0.00041461182	 20.47
0.41172694	 -0.00041448975	 20.585
0.41402549	 -0.00041375732	 20.7
0.41634157	 -0.00041278076	 20.815
0.41864011	 -0.00041339111	 20.93
0.42093866	 -0.00041455078	 21.045
0.4232372	 -0.00041485596	 21.16
0.42553574	 -0.0004140625	 21.275
0.42783428	 -0.00041442871	 21.39
0.43013282	 -0.00041387939	 21.505
0.43243136	 -0.00041326904	 21.62
0.4347299	 -0.00041247559	 21.735
0.43702845	 -0.00040997314	 21.85
0.43932699	 -0.00041064453	 21.965
0.44162553	 -0.00041137695	 22.08
0.44392407	 -0.00041192627	 22.195
0.44622261	 -0.00041174316	 22.31
0.44852115	 -0.00041088867	 22.425
0.45083724	 -0.00041070557	 22.54
0.45313578	 -0.00041033936	 22.655
0.45543432	 -0.00040936279	 22.77
0.45773286	 -0.00040917969	 22.885
0.46003141	 -0.00040722656	 23
0.46232995	 -0.00040795898	 23.115
0.46462849	 -0.00040789795	 23.23
0.46692703	 -0.00040533447	 23.345
0.46922557	 -0.00040460205	 23.46
0.47152411	 -0.00040490723	 23.575
0.47382265	 -0.00040472412	 23.69
0.47612119	 -0.0004039917	 23.805
0.47841974	 -0.00040539551	 23.92
0.48071828	 -0.00040563965	 24.035
0.48303436	 -0.00040478516	 24.15
0.48533291	 -0.00040380859	 24.265
0.48763145	 -0.00040209961	 24.38
0.48992999	 -0.00040246582	 24.495
0.49222853	 -0.00040228271	 24.61
0.49452707	 -0.00040209961	 24.725
0.49682561	 -0.00040197754	 24.84
0.49912415	 -0.00040209961	 24.955
0.5014227	 -0.0004005127	 25.07
0.50372124	 -0.00039880371	 25.185
0.50601978	 -0.00039916992	 25.3
0.50831832	 -0.00039855957	 25.415
0.51061686	 -0.00039746094	 25.53
0.5129154	 -0.00039807129	 25.645
0.51523149	 -0.00039801025	 25.76
0.51753003	 -0.00039788818	 25.875
0.51982857	 -0.00039746094	 25.99
0.52212711	 -0.00039666748	 26.105
0.52442566	 -0.00039508057	 26.22
0.5267242	 -0.00039282227	 26.335
0.52902274	 -0.00039428711	 26.45
0.53132128	 -0.00039385986	 26.565
0.53361982	 -0.00039385986	 26.68
0.53591836	 -0.00039428711	 26.795
0.5382169	 -0.00039434814	 26.91
0.54051545	 -0.00039404297	 27.025
0.54281399	 -0.00039312744	 27.14
0.54511253	 -0.00039196777	 27.255
0.54741107	 -0.00039135742	 27.37
0.54972716	 -0.00038989258	 27.485
0.5520257	 -0.00038989258	 27.6
0.55432424	 -0.00038885498	 27.715
0.55662278	 -0.00038934326	 27.83
0.55892132	 -0.00038922119	 27.945
0.56121986	 -0.00038818359	 28.06
0.5635184	 -0.00038726807	 28.175
0.56581695	 -0.00038647461	 28.29
0.56811549	 -0.00038470459	 28.405
0.57041403	 -0.0003840332	 28.52
0.57271257	 -0.00038244629	 28.635
0.57501111	 -0.00038232422	 28.75
0.57730965	 -0.00038256836	 28.865
0.57960819	 -0.00038201904	 28.98
0.58192428	 -0.00038214111	 29.095
0.58422282	 -0.0003815918	 29.21
0.58652136	 -0.00038134766	 29.325
0.58881991	 -0.00038018799	 29.44
0.59111845	 -0.00037854004	 29.555
0.59341699	 -0.00037738037	 29.67
0.59571553	 -0.00037768555	 29.785
0.59801407	 -0.00037731934	 29.9
0.60031261	 -0.0003772583	 30.015
0.60261115	 -0.00037567139	 30.13
0.6049097	 -0.00037432861	 30.245
0.60720824	 -0.00037408447	 30.36
0.60950678	 -0.0003727417	 30.475
0.61180532	 -0.00037145996	 30.59
0.61412141	 -0.00037109375	 30.705
0.61641995	 -0.00037011719	 30.82
0.61871849	 -0.0003692627	 30.935
0.62101703	 -0.0003684082	 31.05
0.62331557	 -0.0003682251	 31.165
0.62561411	 -0.00036694336	 31.28
0.62791266	 -0.00036566162	 31.395
0.6302112	 -0.00036401367	 31.51
0.63250974	 -0.00036352539	 31.625
0.63480828	 -0.00036248779	 31.74
0.63710682	 -0.00036224365	 31.855
0.63940536	 -0.00036273193	 31.97
0.6417039	 -0.00036157227	 32.085
0.64400245	 -0.00035876465	 32.2
0.64630099	 -0.00035852051	 32.315
0.64861707	 -0.00035766602	 32.43
0.65091562	 -0.00035644531	 32.545
0.65321416	 -0.00035491943	 32.66
0.6555127	 -0.00035369873	 32.775
0.65781124	 -0.00035266113	 32.89
0.66010978	 -0.00035040283	 33.005
0.66240832	 -0.00035015869	 33.12
0.66470686	 -0.0003503418	 33.235
0.6670054	 -0.00034729004	 33.35
0.66930395	 -0.00034594727	 33.465
0.67160249	 -0.0003470459	 33.58
0.67390103	 -0.00034594727	 33.695
0.67619957	 -0.00034368896	 33.81
0.67849811	 -0.00034326172	 33.925
0.6808142	 -0.00034161377	 34.04
0.68311274	 -0.00033996582	 34.155
0.68541128	 -0.00033776855	 34.27
0.68770982	 -0.00033685303	 34.385
0.69000836	 -0.00033520508	 34.5
0.69230691	 -0.00033416748	 34.615
0.69460545	 -0.00033319092	 34.73
0.69690399	 -0.00033111572	 34.845
0.69920253	 -0.00032958984	 34.96
0.70150107	 -0.00032867432	 35.075
0.70379961	 -0.00032763672	 35.19
0.70609815	 -0.00032562256	 35.305
0.7083967	 -0.0003248291	 35.42
0.71069524	 -0.00032318115	 35.535
0.71301132	 -0.0003213501	 35.65
0.71530987	 -0.00031903076	 35.765
0.71760841	 -0.00031634521	 35.88
0.71990695	 -0.0003147583	 35.995
0.72220549	 -0.00031414795	 36.11
0.72450403	 -0.00031256104	 36.225
0.72680257	 -0.0003112793	 36.34
0.72910111	 -0.0003102417	 36.455
0.73139966	 -0.00030639648	 36.57
0.7336982	 -0.00030413818	 36.685
0.73599674	 -0.00030273438	 36.8
0.73829528	 -0.0003012085	 36.915
0.74059382	 -0.00029925537	 37.03
0.74289236	 -0.00029718018	 37.145
0.7451909	 -0.00029522705	 37.26
0.74750699	 -0.00029351807	 37.375
0.74980553	 -0.00029168701	 37.49
0.75210407	 -0.00028851318	 37.605
0.75440262	 -0.00028588867	 37.72
0.75670116	 -0.00028442383	 37.835
0.7589997	 -0.00028186035	 37.95
0.76129824	 -0.00027947998	 38.065
0.76359678	 -0.00027709961	 38.18
0.76589532	 -0.00027453613	 38.295
0.76819386	 -0.00027099609	 38.41
0.7704924	 -0.00026904297	 38.525
0.77279095	 -0.00026586914	 38.64
0.77508949	 -0.00026239014	 38.755
0.77738803	 -0.00026000977	 38.87
0.77970412	 -0.00025762939	 38.985
0.78200266	 -0.00025585938	 39.1
0.7843012	 -0.0002522583	 39.215
0.78659974	 -0.00024951172	 39.33
0.78889828	 -0.00024743652	 39.445
0.79119682	 -0.00024499512	 39.56
0.79349536	 -0.00024163818	 39.675
0.79579391	 -0.00023828125	 39.79
0.79809245	 -0.00023480225	 39.905
0.80039099	 -0.00023162842	 40.02
0.80268953	 -0.00022827148	 40.135
0.80498807	 -0.00022528076	 40.25
0.80728661	 -0.00022210693	 40.365
0.80958515	 -0.00021844482	 40.48
0.81190124	 -0.00021502686	 40.595
0.81419978	 -0.0002119751	 40.71
0.81649832	 -0.00020849609	 40.825
0.81879687	 -0.00020458984	 40.94
0.82109541	 -0.00020074463	 41.055
0.82339395	 -0.00019744873	 41.17
0.82569249	 -0.00019384766	 41.285
0.82799103	 -0.00018988037	 41.4
0.83028957	 -0.00018609619	 41.515
0.83258811	 -0.00018200684	 41.63
0.83488666	 -0.00017822266	 41.745
0.8371852	 -0.00017419434	 41.86
0.83948374	 -0.00016998291	 41.975
0.84178228	 -0.00016577148	 42.09
0.84408082	 -0.00016168213	 42.205
0.84639691	 -0.00015740967	 42.32
0.84869545	 -0.00015368652	 42.435
0.85099399	 -0.0001494751	 42.55
0.85329253	 -0.00014501953	 42.665
0.85559107	 -0.00014099121	 42.78
0.85788961	 -0.00013702393	 42.895
0.86018816	 -0.00013287354	 43.01
0.8624867	 -0.00012835693	 43.125
0.86478524	 -0.00012420654	 43.24
0.86708378	 -0.00012011719	 43.355
0.86938232	 -0.00011578369	 43.47
0.87168086	 -0.00011151123	 43.585
0.8739794	 -0.00010748291	 43.7
0.87627795	 -0.00010357666	 43.815
0.87859403	 -9.9609375e-005	 43.93
0.88089257	 -9.5581055e-005	 44.045
0.88319112	 -9.1693115e-005	 44.16
0.88548966	 -8.7432861e-005	 44.275
0.8877882	 -8.3483887e-005	 44.39
0.89008674	 -7.9711914e-005	 44.505
0.89238528	 -7.600708e-005	 44.62
0.89468382	 -7.2375488e-005	 44.735
0.89698236	 -6.8621826e-005	 44.85
0.89928091	 -6.5148926e-005	 44.965
0.90157945	 -6.1877441e-005	 45.08
0.90387799	 -5.8447266e-005	 45.195
0.90617653	 -5.5059814e-005	 45.31
0.90847507	 -5.1708984e-005	 45.425
0.91077361	 -4.8626709e-005	 45.54
0.9130897	 -4.5458984e-005	 45.655
0.91538824	 -4.2602539e-005	 45.77
0.91768678	 -3.9910889e-005	 45.885
0.91998532	 -3.7005615e-005	 46
0.92228387	 -3.4606934e-005	 46.115
0.92458241	 -3.2275391e-005	 46.23
0.92688095	 -2.9876709e-005	 46.345
0.92917949	 -2.7459717e-005	 46.46
0.93147803	 -2.512207e-005	 46.575
0.93377657	 -2.3095703e-005	 46.69
0.93607511	 -2.1038818e-005	 46.805
0.93837366	 -1.9189453e-005	 46.92
0.9406722	 -1.7462158e-005	 47.035
0.94297074	 -1.5655518e-005	 47.15
0.94528683	 -1.4227295e-005	 47.265
0.94758537	 -1.2860107e-005	 47.38
0.94988391	 -1.1297607e-005	 47.495
0.95218245	 -9.7045898e-006	 47.61
0.95448099	 -8.4259033e-006	 47.725
0.95677953	 -7.2833252e-006	 47.84
0.95907807	 -6.1468506e-006	 47.955
0.96137661	 -5.1226807e-006	 48.07
0.96367516	 -4.1772461e-006	 48.185
0.9659737	 -3.2666016e-006	 48.3
0.96827224	 -2.7435303e-006	 48.415
0.97057078	 -1.99646e-006	 48.53
0.97286932	 -1.104126e-006	 48.645
0.97516786	 -2.142334e-007	 48.76
0.97748395	 5.6329346e-007	 48.875
0.97978249	 1.1893921e-006	 48.99
0.98208103	 1.7641602e-006	 49.105
0.98667812	 2.7313232e-006	 49.335
0.98897666	 3.0023193e-006	 49.45
0.9912752	 3.1665039e-006	 49.565
0.99357374	 3.5266113e-006	 49.68
0.99587228	 3.973999e-006	 49.795
0.99817082	 4.4659424e-006	 49.91
1.0004694	 4.7155762e-006	 50.025
1.0027679	 5.0164795e-006	 50.14
1.0050664	 5.255127e-006	 50.255
1.007365	 5.4193115e-006	 50.37
1.0096635	 5.758667e-006	 50.485
1.0119796	 5.8514404e-006	 50.6
1.0142782	 5.8605957e-006	 50.715
1.0165767	 6.0467529e-006	 50.83
1.0188752	 6.4013672e-006	 50.945
1.0211738	 6.6619873e-006	 51.06
1.0234723	 6.7144775e-006	 51.175
1.0257709	 6.8914795e-006	 51.29
1.0280694	 6.9799805e-006	 51.405
1.0303679	 7.0379639e-006	 51.52
1.0326665	 7.2363281e-006	 51.635
1.034965	 7.064209e-006	 51.75
1.0372636	 7.0098877e-006	 51.865
1.0395621	 7.1734619e-006	 51.98
1.0418607	 7.4975586e-006	 52.095
1.0441767	 7.7124023e-006	 52.21
1.0464753	 7.7539063e-006	 52.325
1.0487738	 7.8948975e-006	 52.44
1.0510724	 7.8948975e-006	 52.555
1.0533709	 7.9150391e-006	 52.67
1.0556694	 8.034668e-006	 52.785
1.057968	 7.8100586e-006	 52.9
1.0602665	 7.7856445e-006	 53.015
1.0625651	 7.9675293e-006	 53.13
1.0648636	 8.2543945e-006	 53.245
1.0671622	 8.3172607e-006	 53.36
1.0694607	 8.3880615e-006	 53.475
1.0717592	 8.4436035e-006	 53.59
1.0740578	 8.4033203e-006	 53.705
1.0763739	 8.659668e-006	 53.82
1.0786724	 8.6279297e-006	 53.935
1.080971	 8.4411621e-006	 54.05
1.0832695	 8.4661865e-006	 54.165
1.085568	 8.6572266e-006	 54.28
1.0878666	 8.9135742e-006	 54.395
1.0901651	 8.9239502e-006	 54.51
1.0924637	 9.0179443e-006	 54.625
1.0947622	 9.0649414e-006	 54.74
1.0970607	 9.0350342e-006	 54.855
1.0993593	 9.2181396e-006	 54.97
1.1016578	 9.0716553e-006	 55.085
1.1039564	 8.9440918e-006	 55.2
1.1062549	 8.9953613e-006	 55.315
1.1085534	 9.2138672e-006	 55.43
1.1108695	 9.5330811e-006	 55.545
1.1131681	 9.5666504e-006	 55.66
1.1154666	 9.6502686e-006	 55.775
1.1177652	 9.710083e-006	 55.89
1.1200637	 9.7131348e-006	 56.005
1.1223622	 9.9230957e-006	 56.12
1.1246608	 9.6954346e-006	 56.235
1.1269593	 9.5922852e-006	 56.35
1.1292579	 9.6966553e-006	 56.465
1.1315564	 9.9511719e-006	 56.58
1.1338549	 1.012146e-005	 56.695
1.1361535	 1.0105591e-005	 56.81
1.138452	 1.0274658e-005	 56.925
1.1407506	 1.02771e-005	 57.04
1.1430667	 1.043396e-005	 57.155
1.1453652	 1.0594482e-005	 57.27
1.1476637	 1.0400391e-005	 57.385
1.1499623	 1.0365601e-005	 57.5
1.1522608	 1.0474243e-005	 57.615
1.1545594	 1.0775757e-005	 57.73
1.1568579	 1.0938721e-005	 57.845
1.1591564	 1.0971069e-005	 57.96
1.161455	 1.1033936e-005	 58.075
1.1637535	 1.1092529e-005	 58.19
1.1660521	 1.1173706e-005	 58.305
1.1683506	 1.1238403e-005	 58.42
1.1706492	 1.1096802e-005	 58.535
1.1729477	 1.1089478e-005	 58.65
1.1752638	 1.1411743e-005	 58.765
1.1775623	 1.175293e-005	 58.88
1.1798609	 1.1853638e-005	 58.995
1.1821594	 1.1972656e-005	 59.11
1.184458	 1.2084961e-005	 59.225
1.1867565	 1.2088013e-005	 59.34
1.189055	 1.229248e-005	 59.455
1.1913536	 1.2282104e-005	 59.57
1.1936521	 1.2132568e-005	 59.685
1.1959507	 1.2227173e-005	 59.8
1.1982492	 1.2452393e-005	 59.915
1.1993371	 9.9816895e-006	 60.03
1.197021	 8.0230713e-006	 60.145
1.1947224	 6.9061279e-006	 60.26
1.1924239	 6.0473633e-006	 60.375
1.1901253	 5.222168e-006	 60.49
1.1878268	 4.765625e-006	 60.605
1.1855283	 4.0594482e-006	 60.72
1.1832297	 3.3624268e-006	 60.835
1.1809312	 2.9772949e-006	 60.95
1.1786326	 2.7331543e-006	 61.065
1.1763341	 2.5848389e-006	 61.18
1.1740356	 2.2741699e-006	 61.295
1.171737	 2.0361328e-006	 61.41
1.1694385	 1.7810059e-006	 61.525
1.1671399	 1.5325928e-006	 61.64
1.1648414	 1.494751e-006	 61.755
1.1625253	 9.6679688e-007	 61.87
1.1602268	 6.4788818e-007	 61.985
1.1579282	 4.6600342e-007	 62.1
1.1556297	 5.2148438e-007	 62.215
1.1533311	 5.2319336e-007	 62.33
1.1510326	 3.2122803e-007	 62.445
1.1487341	 2.991333e-007	 62.56
1.1464355	 1.8804932e-007	 62.675
1.144137	 4.7058105e-008	 62.79
1.1395399	 -2.1075439e-007	 63.02
1.1372413	 -4.2681885e-007	 63.135
1.1349428	 -4.866333e-007	 63.25
1.1326443	 -3.8525391e-007	 63.365
1.1303282	 -4.7198486e-007	 63.48
1.1280296	 -5.8300781e-007	 63.595
1.1257311	 -5.692749e-007	 63.71
1.1234326	 -6.5533447e-007	 63.825
1.121134	 -7.7679443e-007	 63.94
1.1188355	 -7.0098877e-007	 64.055
1.1165369	 -9.654541e-007	 64.17
1.1142384	 -1.1097412e-006	 64.285
1.1119398	 -1.1479492e-006	 64.4
1.1096413	 -9.7583008e-007	 64.515
1.1073428	 -9.7766113e-007	 64.63
1.1050442	 -1.0169067e-006	 64.745
1.1027457	 -1.0168457e-006	 64.86
1.1004471	 -1.0770264e-006	 64.975
1.0981311	 -1.2605591e-006	 65.09
1.0958325	 -1.2402954e-006	 65.205
1.093534	 -1.5112915e-006	 65.32
1.0912354	 -1.5809326e-006	 65.435
1.0889369	 -1.5921021e-006	 65.55
1.0866383	 -1.4307251e-006	 65.665
1.0843398	 -1.4168091e-006	 65.78
1.0820413	 -1.4572754e-006	 65.895
1.0797427	 -1.451355e-006	 66.01
1.0774442	 -1.5258789e-006	 66.125
1.0751456	 -1.5195923e-006	 66.24
1.0728471	 -1.5581055e-006	 66.355
1.0705486	 -1.793457e-006	 66.47
1.06825	 -1.8765869e-006	 66.585
1.0659515	 -1.8566895e-006	 66.7
1.0636354	 -1.7956543e-006	 66.815
1.0613368	 -1.8347168e-006	 66.93
1.0590383	 -1.842041e-006	 67.045
1.0567398	 -1.8493652e-006	 67.16
1.0544412	 -1.9189453e-006	 67.275
1.0521427	 -1.9073486e-006	 67.39
1.0498441	 -1.953125e-006	 67.505
1.0475456	 -2.2143555e-006	 67.62
1.0452471	 -2.2967529e-006	 67.735
1.0429485	 -2.2625732e-006	 67.85
1.04065	 -2.0697021e-006	 67.965
1.0383514	 -2.1228027e-006	 68.08
1.0360529	 -2.142334e-006	 68.195
1.0337543	 -2.1966553e-006	 68.31
1.0314383	 -2.3284912e-006	 68.425
1.0291397	 -2.3040771e-006	 68.54
1.0268412	 -2.4359131e-006	 68.655
1.0245426	 -2.6721191e-006	 68.77
1.0222441	 -2.7258301e-006	 68.885
1.0199456	 -2.6849365e-006	 69
1.017647	 -2.5537109e-006	 69.115
1.0153485	 -2.5720215e-006	 69.23
1.0130499	 -2.623291e-006	 69.345
1.0107514	 -2.6763916e-006	 69.46
1.0084528	 -2.7600098e-006	 69.575
1.0061543	 -2.7178955e-006	 69.69
1.0038558	 -2.8973389e-006	 69.805
1.0015572	 -3.1121826e-006	 69.92
0.99924114	 -3.303833e-006	 70.035
0.99694259	 -3.28125e-006	 70.15
0.99464405	 -3.1774902e-006	 70.265
0.99234551	 -3.2879639e-006	 70.38
0.99004697	 -3.3081055e-006	 70.495
0.98774843	 -3.3520508e-006	 70.61
0.98544989	 -3.5144043e-006	 70.725
0.98315135	 -3.4741211e-006	 70.84
0.98085281	 -3.682251e-006	 70.955
0.97855426	 -3.949585e-006	 71.07
0.97625572	 -4.095459e-006	 71.185
0.97395718	 -4.0539551e-006	 71.3
0.97165864	 -4.0509033e-006	 71.415
0.9693601	 -4.2016602e-006	 71.53
0.96706156	 -4.3023682e-006	 71.645
0.96474547	 -4.5489502e-006	 71.76
0.96244693	 -4.7637939e-006	 71.875
0.96014839	 -4.7540283e-006	 71.99
0.95784985	 -5.1452637e-006	 72.105
0.9555513	 -5.4748535e-006	 72.22
0.95325276	 -5.680542e-006	 72.335
0.95095422	 -5.7489014e-006	 72.45
0.94865568	 -5.8721924e-006	 72.565
0.94635714	 -6.1761475e-006	 72.68
0.9440586	 -6.3989258e-006	 72.795
0.94176006	 -6.7077637e-006	 72.91
0.93946151	 -7.0581055e-006	 73.025
0.93716297	 -7.3010254e-006	 73.14
0.93486443	 -7.8729248e-006	 73.255
0.93254834	 -8.4991455e-006	 73.37
0.9302498	 -8.9465332e-006	 73.485
0.92795126	 -9.2175293e-006	 73.6
0.92565272	 -9.6466064e-006	 73.715
0.92335418	 -1.0248413e-005	 73.83
0.92105564	 -1.078064e-005	 73.945
0.9187571	 -1.1445313e-005	 74.06
0.91645855	 -1.22052e-005	 74.175
0.91416001	 -1.2837524e-005	 74.29
0.91186147	 -1.3850098e-005	 74.405
0.90956293	 -1.4835205e-005	 74.52
0.90726439	 -1.5721436e-005	 74.635
0.90496585	 -1.6572876e-005	 74.75
0.90266731	 -1.7600098e-005	 74.865
0.90035122	 -1.8886719e-005	 74.98
0.89805268	 -2.0031738e-005	 75.095
0.89575414	 -2.1392822e-005	 75.21
0.89345559	 -2.286377e-005	 75.325
0.89115705	 -2.4298096e-005	 75.44
0.88885851	 -2.6141357e-005	 75.555
0.88655997	 -2.7941895e-005	 75.67
0.88426143	 -2.9730225e-005	 75.785
0.88196289	 -3.1469727e-005	 75.9
0.87966435	 -3.3496094e-005	 76.015
0.87736581	 -3.5656738e-005	 76.13
0.87506726	 -3.7939453e-005	 76.245
0.87276872	 -4.0350342e-005	 76.36
0.87047018	 -4.2889404e-005	 76.475
0.86817164	 -4.5544434e-005	 76.59
0.86585555	 -4.8632813e-005	 76.705
0.86355701	 -5.1495361e-005	 76.82
0.86125847	 -5.4412842e-005	 76.935
0.85895993	 -5.7318115e-005	 77.05
0.85666139	 -6.0552979e-005	 77.165
0.85436285	 -6.3818359e-005	 77.28
0.8520643	 -6.7224121e-005	 77.395
0.84976576	 -7.0831299e-005	 77.51
0.84746722	 -7.4371338e-005	 77.625
0.84516868	 -7.8009033e-005	 77.74
0.84287014	 -8.2043457e-005	 77.855
0.8405716	 -8.5961914e-005	 77.97
0.83827306	 -8.9685059e-005	 78.085
0.83597451	 -9.3469238e-005	 78.2
0.83365843	 -9.7607422e-005	 78.315
0.83135989	 -0.00010167847	 78.43
0.82906134	 -0.00010576172	 78.545
0.8267628	 -0.00010993042	 78.66
0.82446426	 -0.00011420898	 78.775
0.82216572	 -0.00011842041	 78.89
0.81986718	 -0.00012280273	 79.005
0.81756864	 -0.00012702026	 79.12
0.8152701	 -0.00013109131	 79.235
0.81297155	 -0.00013499756	 79.35
0.81067301	 -0.00013924561	 79.465
0.80837447	 -0.00014338989	 79.58
0.80607593	 -0.00014749146	 79.695
0.80377739	 -0.00015152588	 79.81
0.80147885	 -0.00015547485	 79.925
0.79916276	 -0.00015947266	 80.04
0.79686422	 -0.0001635437	 80.155
0.79456568	 -0.00016740112	 80.27
0.79226714	 -0.00017143555	 80.385
0.78996859	 -0.00017527466	 80.5
0.78767005	 -0.00017893677	 80.615
0.78537151	 -0.00018254395	 80.73
0.78307297	 -0.00018615723	 80.845
0.78077443	 -0.00018981934	 80.96
0.77847589	 -0.00019360352	 81.075
0.77617735	 -0.00019702148	 81.19
0.77387881	 -0.00020074463	 81.305
0.77158026	 -0.00020410156	 81.42
0.76928172	 -0.00020727539	 81.535
0.76696564	 -0.00021038818	 81.65
0.76466709	 -0.00021380615	 81.765
0.76236855	 -0.00021685791	 81.88
0.76007001	 -0.00021990967	 81.995
0.75777147	 -0.00022271729	 82.11
0.75547293	 -0.00022564697	 82.225
0.75317439	 -0.00022845459	 82.34
0.75087585	 -0.00023205566	 82.455
0.7485773	 -0.00023504639	 82.57
0.74627876	 -0.00023760986	 82.685
0.74398022	 -0.00024017334	 82.8
0.74168168	 -0.00024249268	 82.915
0.73938314	 -0.00024481201	 83.03
0.7370846	 -0.00024761963	 83.145
0.73476851	 -0.00025012207	 83.26
0.73246997	 -0.00025256348	 83.375
0.73017143	 -0.00025531006	 83.49
0.72787289	 -0.00025787354	 83.605
0.72557434	 -0.00026031494	 83.72
0.7232758	 -0.00026269531	 83.835
0.72097726	 -0.00026477051	 83.95
0.71867872	 -0.00026690674	 84.065
0.71638018	 -0.00026940918	 84.18
0.71408164	 -0.00027130127	 84.295
0.7117831	 -0.00027331543	 84.41
0.70948455	 -0.00027557373	 84.525
0.70718601	 -0.00027716064	 84.64
0.70488747	 -0.0002791748	 84.755
0.70258893	 -0.00028125	 84.87
0.70027284	 -0.00028320312	 84.985
0.6979743	 -0.00028564453	 85.1
0.69567576	 -0.00028485107	 85.215
0.69337722	 -0.00028741455	 85.33
0.69107868	 -0.00028991699	 85.445
0.68878014	 -0.00029168701	 85.56
0.6864816	 -0.00029333496	 85.675
0.68418305	 -0.00029528809	 85.79
0.68188451	 -0.00029742432	 85.905
0.67958597	 -0.00029943848	 86.02
0.67728743	 -0.00030072021	 86.135
0.67498889	 -0.00030212402	 86.25
0.67269035	 -0.0003034668	 86.365
0.67039181	 -0.00030511475	 86.48
0.66807572	 -0.00030657959	 86.595
0.66577718	 -0.00030810547	 86.71
0.66347864	 -0.00031011963	 86.825
0.66118009	 -0.00031103516	 86.94
0.65888155	 -0.00031188965	 87.055
0.65658301	 -0.00031408691	 87.17
0.65428447	 -0.00031573486	 87.285
0.65198593	 -0.00031719971	 87.4
0.64968739	 -0.00031835938	 87.515
0.64738885	 -0.00031994629	 87.63
0.6450903	 -0.00032098389	 87.745
0.64279176	 -0.00032189941	 87.86
0.64049322	 -0.00032269287	 87.975
0.63819468	 -0.00032409668	 88.09
0.63587859	 -0.00032556152	 88.205
0.63358005	 -0.00032739258	 88.32
0.63128151	 -0.00032788086	 88.435
0.62898297	 -0.00032824707	 88.55
0.62668443	 -0.00032922363	 88.665
0.62438589	 -0.00033062744	 88.78
0.62208734	 -0.00033209229	 88.895
0.6197888	 -0.00033349609	 89.01
0.61749026	 -0.00033398438	 89.125
0.61519172	 -0.00033502197	 89.24
0.61289318	 -0.00033685303	 89.355
0.61059464	 -0.0003381958	 89.47
0.6082961	 -0.00033831787	 89.585
0.60599755	 -0.00033959961	 89.7
0.60369901	 -0.00034039307	 89.815
0.60138293	 -0.00034155273	 89.93
0.59908438	 -0.00034411621	 90.045
0.59678584	 -0.00034436035	 90.16
0.5944873	 -0.00034436035	 90.275
0.59218876	 -0.00034552002	 90.39
0.58989022	 -0.0003470459	 90.505
0.58759168	 -0.00034924316	 90.62
0.58529314	 -0.0003494873	 90.735
0.5829946	 -0.00035003662	 90.85
0.58069605	 -0.00035040283	 90.965
0.57839751	 -0.00035150146	 91.08
0.57609897	 -0.00035186768	 91.195
0.57380043	 -0.00035211182	 91.31
0.57150189	 -0.00035198975	 91.425
0.5691858	 -0.0003527832	 91.54
0.56688726	 -0.00035430908	 91.655
0.56458872	 -0.00035858154	 91.77
0.56229018	 -0.00035620117	 91.885
0.55999164	 -0.00035742188	 92
0.55769309	 -0.00035839844	 92.115
0.55539455	 -0.00035919189	 92.23
0.55309601	 -0.000359375	 92.345
0.55079747	 -0.00036047363	 92.46
0.54849893	 -0.00036126709	 92.575
0.54620039	 -0.00036242676	 92.69
0.54390185	 -0.00036187744	 92.805
0.5416033	 -0.00036108398	 92.92
0.53930476	 -0.000362854	 93.035
0.53698868	 -0.00036468506	 93.15
0.53469013	 -0.0003651123	 93.265
0.53239159	 -0.0003651123	 93.38
0.53009305	 -0.00036590576	 93.495
0.52779451	 -0.0003671875	 93.61
0.52549597	 -0.00036791992	 93.725
0.52319743	 -0.00036871338	 93.84
0.52089889	 -0.00036724854	 93.955
0.51860034	 -0.00036907959	 94.07
0.5163018	 -0.00037023926	 94.185
0.51400326	 -0.00037042236	 94.3
0.51170472	 -0.00037011719	 94.415
0.50940618	 -0.00037127686	 94.53
0.50710764	 -0.00037225342	 94.645
0.5048091	 -0.00037231445	 94.76
0.50249301	 -0.00037115479	 94.875
0.50019447	 -0.00037237549	 94.99
0.49789593	 -0.00037432861	 95.105
0.49559738	 -0.00037426758	 95.22
0.49329884	 -0.00037426758	 95.335
0.4910003	 -0.00037475586	 95.45
0.48870176	 -0.00037573242	 95.565
0.48640322	 -0.00037554932	 95.68
0.48410468	 -0.00037548828	 95.795
0.48180614	 -0.00037371826	 95.91
0.4795076	 -0.00037445068	 96.025
0.47720905	 -0.00037762451	 96.14
0.47491051	 -0.00037805176	 96.255
0.47261197	 -0.00037786865	 96.37
0.47029588	 -0.00037896729	 96.485
0.46799734	 -0.00038006592	 96.6
0.4656988	 -0.00037945557	 96.715
0.46340026	 -0.00038116455	 96.83
0.46110172	 -0.00038165283	 96.945
0.45880318	 -0.00038098145	 97.06
0.45650464	 -0.00038049316	 97.175
0.45420609	 -0.00038195801	 97.29
0.45190755	 -0.00038317871	 97.405
0.44960901	 -0.00038299561	 97.52
0.44731047	 -0.00038232422	 97.635
0.44501193	 -0.00038317871	 97.75
0.44271339	 -0.00038397217	 97.865
0.44041485	 -0.00038537598	 97.98
0.43809876	 -0.00038635254	 98.095
0.43580022	 -0.00038720703	 98.21
0.43350168	 -0.00038763428	 98.325
0.43120313	 -0.00038787842	 98.44
0.42890459	 -0.00038739014	 98.555
0.42660605	 -0.00038671875	 98.67
0.42430751	 -0.00038586426	 98.785
0.42200897	 -0.00038745117	 98.9
0.41971043	 -0.00038867188	 99.015
0.41741189	 -0.00038861084	 99.13
0.41511334	 -0.00038879395	 99.245
0.4128148	 -0.00038952637	 99.36
0.41051626	 -0.00039001465	 99.475
0.40821772	 -0.00038983154	 99.59
0.40591918	 -0.00039025879	 99.705
0.40360309	 -0.00039025879	 99.82
0.40130455	 -0.00039019775	 99.935
0.39900601	 -0.00039074707	 100.05
0.39670747	 -0.00039086914	 100.165
0.39440893	 -0.00039105225	 100.28
0.39211039	 -0.00039141846	 100.395
0.38981184	 -0.00039178467	 100.51
0.3875133	 -0.00039276123	 100.625
0.38521476	 -0.0003927002	 100.74
0.38291622	 -0.00039318848	 100.855
0.38061768	 -0.00039440918	 100.97
0.37831914	 -0.00039532471	 101.085
0.3760206	 -0.00039624023	 101.2
0.37372205	 -0.00039556885	 101.315
0.37140597	 -0.00039569092	 101.43
0.36910743	 -0.00039581299	 101.545
0.36680888	 -0.00039593506	 101.66
0.36451034	 -0.0003963623	 101.775
0.3622118	 -0.0003961792	 101.89
0.35991326	 -0.00039654541	 102.005
0.35761472	 -0.00039666748	 102.12
0.35531618	 -0.00039776611	 102.235
0.35301764	 -0.00039855957	 102.35
0.35071909	 -0.00039880371	 102.465
0.34842055	 -0.00039898682	 102.58
0.34612201	 -0.00039819336	 102.695
0.34382347	 -0.00039782715	 102.81
0.34152493	 -0.00039978027	 102.925
0.33922639	 -0.00039916992	 103.04
0.3369103	 -0.00039923096	 103.155
0.33461176	 -0.00039929199	 103.27
0.33231322	 -0.00039904785	 103.385
0.33001468	 -0.00039929199	 103.5
0.32771613	 -0.00040002441	 103.615
0.32541759	 -0.00040020752	 103.73
0.32311905	 -0.00040136719	 103.845
0.32082051	 -0.0004019165	 103.96
0.31852197	 -0.00040374756	 104.075
0.31622343	 -0.00040319824	 104.19
0.31392489	 -0.00040240479	 104.305
0.31162634	 -0.00040185547	 104.42
0.3093278	 -0.00040167236	 104.535
0.30702926	 -0.00040148926	 104.65
0.30471317	 -0.00040240479	 104.765
0.30241463	 -0.00040197754	 104.88
0.30011609	 -0.00040197754	 104.995
0.29781755	 -0.00040179443	 105.11
0.29551901	 -0.0004006958	 105.225
0.29322047	 -0.00039996338	 105.34
0.29092193	 -0.0004019165	 105.455
0.28862339	 -0.00040313721	 105.57
0.28632484	 -0.00040393066	 105.685
0.2840263	 -0.00040509033	 105.8
0.28172776	 -0.00040563965	 105.915
0.27942922	 -0.00040588379	 106.03
0.27713068	 -0.00040588379	 106.145
0.27483214	 -0.00040588379	 106.26
0.27251605	 -0.00040637207	 106.375
0.27021751	 -0.00040686035	 106.49
0.26791897	 -0.00040710449	 106.605
0.26562043	 -0.00040631104	 106.72
0.26332188	 -0.00040600586	 106.835
0.26102334	 -0.00040557861	 106.95
0.2587248	 -0.00040588379	 107.065
0.25642626	 -0.00040594482	 107.18
0.25412772	 -0.00040515137	 107.295
0.25182918	 -0.00040576172	 107.41
0.24953064	 -0.00040594482	 107.525
0.24723209	 -0.00040515137	 107.64
0.24493355	 -0.00040539551	 107.755
0.24263501	 -0.00040661621	 107.87
0.24033647	 -0.00040765381	 107.985
0.23802038	 -0.00040734863	 108.1
0.23572184	 -0.00040655518	 108.215
0.2334233	 -0.00040649414	 108.33
0.23112476	 -0.00040637207	 108.445
0.22882622	 -0.00040649414	 108.56
0.22652768	 -0.00040722656	 108.675
0.22422913	 -0.00040655518	 108.79
0.22193059	 -0.00040588379	 108.905
0.21963205	 -0.00040539551	 109.02
0.21733351	 -0.00040649414	 109.135
0.21503497	 -0.00040655518	 109.25
0.21273643	 -0.00040704346	 109.365
0.21043789	 -0.00040704346	 109.48
0.20813935	 -0.00040692139	 109.595
0.20582326	 -0.00040710449	 109.71
0.20352472	 -0.00040759277	 109.825
0.20122617	 -0.00040722656	 109.94
0.19892763	 -0.00040637207	 110.055
0.19662909	 -0.00040710449	 110.17
0.19433055	 -0.00040643311	 110.285
0.19203201	 -0.00040661621	 110.4
0.18973347	 -0.00040612793	 110.515
0.18743493	 -0.00040545654	 110.63
0.18513639	 -0.00040551758	 110.745
0.18283784	 -0.00040618896	 110.86
0.1805393	 -0.00040667725	 110.975
0.17824076	 -0.00040698242	 111.09
0.17594222	 -0.00040655518	 111.205
0.17362613	 -0.00040576172	 111.32
0.17132759	 -0.00040563965	 111.435
0.16902905	 -0.00040612793	 111.55
0.16673051	 -0.00040740967	 111.665
0.16443197	 -0.0004072876	 111.78
0.16213343	 -0.00040539551	 111.895
0.15983488	 -0.00040332031	 112.01
0.15753634	 -0.00040496826	 112.125
0.1552378	 -0.00040588379	 112.24
0.15293926	 -0.00040551758	 112.355
0.15064072	 -0.0004052124	 112.47
0.14834218	 -0.00040411377	 112.585
0.14604364	 -0.00040307617	 112.7
0.14374509	 -0.00040557861	 112.815
0.14144655	 -0.00040704346	 112.93
0.13913047	 -0.00040661621	 113.045
0.13683192	 -0.00040686035	 113.16
0.13453338	 -0.00040686035	 113.275
0.13223484	 -0.0004074707	 113.39
0.1299363	 -0.00040631104	 113.505
0.12763776	 -0.00040673828	 113.62
0.12533922	 -0.00040722656	 113.735
0.12304068	 -0.00040563965	 113.85
0.12074213	 -0.00040557861	 113.965
0.11844359	 -0.00040716553	 114.08
0.11614505	 -0.00040777588	 114.195
0.11384651	 -0.0004074707	 114.31
0.11154797	 -0.00040722656	 114.425
0.10924943	 -0.00040740967	 114.54
0.10693334	 -0.00040765381	 114.655
0.1046348	 -0.00040704346	 114.77
0.10233626	 -0.00040631104	 114.885
0.10003772	 -0.00040625	 115
0.097756721	 -0.00040661621	 0
0.09545818	 -0.00040496826	 0.11500013
0.093159638	 -0.00040368652	 0.23000026
0.090861097	 -0.00040557861	 0.34499976
0.088545009	 -0.00040722656	 0.45999989
0.086246468	 -0.00040454102	 0.57500002
0.083947927	 -0.00040270996	 0.69000016
0.081649385	 -0.00040454102	 0.80500029
0.079350844	 -0.00040466309	 0.91999979
0.077052303	 -0.00040405273	 1.0349999
0.074753761	 -0.00040429687	 1.15
0.07245522	 -0.00040270996	 1.2650002
0.070156679	 -0.00040118408	 1.3800003
0.067858137	 -0.00040100098	 1.4949998
0.065559596	 -0.00040155029	 1.6099999
0.063261054	 -0.0004006958	 1.7250001
0.060962513	 -0.00039990234	 1.8400002
0.058663972	 -0.00039978027	 1.9549997
0.05636543	 -0.00039892578	 2.0699998
0.054049343	 -0.00039666748	 2.185
0.051750802	 -0.00039605713	 2.3000001
0.050662942	 -0.00038952637	 2.4150002
0.05297903	 -0.00038500977	 2.5299997
0.055277571	 -0.00038305664	 2.6449999
0.057576112	 -0.00038525391	 2.76
0.059874654	 -0.00038476563	 2.8750001
0.062173195	 -0.00038537598	 2.9900003
0.064471737	 -0.0003861084	 3.1049998
0.066770278	 -0.00038690186	 3.2199999
0.069068819	 -0.00038757324	 3.335
0.071367361	 -0.00038800049	 3.4500001
0.073665902	 -0.00038891602	 3.5650003
0.075964443	 -0.00038952637	 3.6799998
0.078262985	 -0.00039001465	 3.7949999
0.080561526	 -0.00039080811	 3.91
0.082860067	 -0.00039154053	 4.0250002
0.085158609	 -0.00039172363	 4.1400003
0.087474696	 -0.00039050293	 4.2549998
0.089773238	 -0.00039038086	 4.3699999
0.092071779	 -0.00039105225	 4.4850001
0.09437032	 -0.00039227295	 4.6000002
0.096668862	 -0.00039196777	 4.7150003
0.098967403	 -0.00039324951	 4.8299998
0.10126594	 -0.00039428711	 4.945
0.10356449	 -0.00039361572	 5.0600001
0.10586303	 -0.00039355469	 5.1750002
0.10816157	 -0.00039489746	 5.2899997
0.11046011	 -0.00039550781	 5.4049999
0.11275865	 -0.00039569092	 5.52
0.11505719	 -0.00039569092	 5.6350001
0.11735573	 -0.00039562988	 5.7500002
0.11967182	 -0.00039605713	 5.8649997
0.12197036	 -0.00039599609	 5.9799999
0.1242689	 -0.00039709473	 6.095
0.12656745	 -0.00039727783	 6.2100001
0.12886599	 -0.00039709473	 6.3250003
0.13116453	 -0.00039654541	 6.4399998
0.13346307	 -0.00039770508	 6.5549999
0.13576161	 -0.00039831543	 6.67
0.13806015	 -0.00039807129	 6.7850002
0.14035869	 -0.00039782715	 6.9000003
0.14265724	 -0.00039776611	 7.0149998
0.14495578	 -0.00039941406	 7.1299999
0.14725432	 -0.00039990234	 7.2450001
0.14955286	 -0.00039996338	 7.3600002
0.15186895	 -0.00039929199	 7.4750003
0.15416749	 -0.00039862061	 7.5899998
0.15646603	 -0.00039898682	 7.7049999
0.15876457	 -0.00039923096	 7.8200001
0.16106311	 -0.00039953613	 7.9350002
0.16336165	 -0.00039978027	 8.0499997
0.1656602	 -0.00040008545	 8.1649998
0.16795874	 -0.00040014648	 8.28
0.17025728	 -0.00040136719	 8.3950001
0.17255582	 -0.00040167236	 8.5100002
0.17485436	 -0.00040234375	 8.6249997
0.1771529	 -0.00040234375	 8.7399999
0.17945144	 -0.00040161133	 8.855
0.18174998	 -0.00040161133	 8.9700001
0.18404853	 -0.00040203857	 9.0850003
0.18636461	 -0.000402771	 9.1999998
0.18866315	 -0.00040264893	 9.3149999
0.1909617	 -0.00040289307	 9.43
0.19326024	 -0.00040374756	 9.5450002
0.19555878	 -0.00040429687	 9.6600003
0.19785732	 -0.00040332031	 9.7749998
0.20015586	 -0.00040374756	 9.8899999
0.2024544	 -0.00040454102	 10.005
0.20475294	 -0.00040509033	 10.12
0.20705149	 -0.00040582275	 10.235
0.20935003	 -0.00040649414	 10.35
0.21164857	 -0.00040686035	 10.465
0.21394711	 -0.00040716553	 10.58
0.21624565	 -0.00040710449	 10.695
0.21856174	 -0.00040686035	 10.81
0.22086028	 -0.00040570068	 10.925
0.22315882	 -0.00040551758	 11.04
0.22545736	 -0.00040655518	 11.155
0.2277559	 -0.00040661621	 11.27
0.23005445	 -0.00040643311	 11.385
0.23235299	 -0.00040704346	 11.5
0.23465153	 -0.00040814209	 11.615
0.23695007	 -0.00040789795	 11.73
0.23924861	 -0.00040777588	 11.845
0.24154715	 -0.00040759277	 11.96
0.24384569	 -0.00040734863	 12.075
0.24614424	 -0.0004074707	 12.19
0.24844278	 -0.00040875244	 12.305
0.25075886	 -0.00040960693	 12.42
0.25305741	 -0.0004095459	 12.535
0.25535595	 -0.00040881348	 12.65
0.25765449	 -0.00040814209	 12.765
0.25995303	 -0.00040881348	 12.88
0.26225157	 -0.00040960693	 12.995
0.26455011	 -0.00040936279	 13.11
0.26684865	 -0.00040905762	 13.225
0.26914719	 -0.00040997314	 13.34
0.27144574	 -0.00040991211	 13.455
0.27374428	 -0.00040948486	 13.57
0.27604282	 -0.00040991211	 13.685
0.27834136	 -0.00041015625	 13.8
0.2806399	 -0.00041015625	 13.915
0.28293844	 -0.00041052246	 14.03
0.28525453	 -0.00041082764	 14.145
0.28755307	 -0.00041082764	 14.26
0.28985161	 -0.00040997314	 14.375
0.29215015	 -0.00041021729	 14.49
0.2944487	 -0.0004105835	 14.605
0.29674724	 -0.00041015625	 14.72
0.29904578	 -0.00041027832	 14.835
0.30134432	 -0.00041113281	 14.95
0.30364286	 -0.00041137695	 15.065
0.3059414	 -0.00041162109	 15.18
0.30823994	 -0.00041156006	 15.295
0.31053849	 -0.00041107178	 15.41
0.31283703	 -0.00041052246	 15.525
0.31513557	 -0.00040960693	 15.64
0.31745166	 -0.00040930176	 15.755
0.3197502	 -0.00040820312	 15.87
0.32204874	 -0.0004083252	 15.985
0.32434728	 -0.00040881348	 16.1
0.32664582	 -0.00040948486	 16.215
0.32894436	 -0.0004105835	 16.33
0.3312429	 -0.00040985107	 16.445
0.33354145	 -0.00040856934	 16.56
0.33583999	 -0.00040814209	 16.675
0.33813853	 -0.00040789795	 16.79
0.34043707	 -0.00040777588	 16.905
0.34273561	 -0.0004072876	 17.02
0.34503415	 -0.00040783691	 17.135
0.34733269	 -0.00040814209	 17.25
0.34964878	 -0.00040740967	 17.365
0.35194732	 -0.00040710449	 17.48
0.35424586	 -0.00040698242	 17.595
0.35654441	 -0.00040679932	 17.71
0.35884295	 -0.00040582275	 17.825
0.36114149	 -0.00040545654	 17.94
0.36344003	 -0.00040551758	 18.055
0.36573857	 -0.00040527344	 18.17
0.36803711	 -0.00040460205	 18.285
0.37033565	 -0.00040374756	 18.4
0.37263419	 -0.00040301514	 18.515
0.37493274	 -0.00040374756	 18.63
0.37723128	 -0.00040393066	 18.745
0.37952982	 -0.00040362549	 18.86
0.38182836	 -0.00040325928	 18.975
0.38414445	 -0.00040228271	 19.09
0.38644299	 -0.00040222168	 19.205
0.38874153	 -0.00040240479	 19.32
0.39104007	 -0.00040234375	 19.435
0.39333861	 -0.00040209961	 19.55
0.39563715	 -0.00040093994	 19.665
0.3979357	 -0.0004005127	 19.78
0.40023424	 -0.00040039062	 19.895
0.40253278	 -0.00040026855	 20.01
0.40483132	 -0.00039849854	 20.125
0.40712986	 -0.00039776611	 20.24
0.4094284	 -0.00039776611	 20.355
0.41172694	 -0.00039813232	 20.47
0.41402549	 -0.00039831543	 20.585
0.41634157	 -0.00039746094	 20.7
0.41864011	 -0.00039654541	 20.815
0.42093866	 -0.00039648438	 20.93
0.4232372	 -0.00039666748	 21.045
0.42553574	 -0.00039678955	 21.16
0.42783428	 -0.0003961792	 21.275
0.43013282	 -0.00039587402	 21.39
0.43243136	 -0.00039562988	 21.505
0.4347299	 -0.00039465332	 21.62
0.43702845	 -0.00039434814	 21.735
0.43932699	 -0.00039434814	 21.85
0.44162553	 -0.00039404297	 21.965
0.44392407	 -0.00039318848	 22.08
0.44622261	 -0.00039361572	 22.195
0.44852115	 -0.0003939209	 22.31
0.45083724	 -0.0003927002	 22.425
0.45313578	 -0.00039172363	 22.54
0.45543432	 -0.00039154053	 22.655
0.45773286	 -0.00039031982	 22.77
0.46003141	 -0.00039013672	 22.885
0.46232995	 -0.00038989258	 23
0.46462849	 -0.00039013672	 23.115
0.46692703	 -0.00039013672	 23.23
0.46922557	 -0.00039007568	 23.345
0.47152411	 -0.0003894043	 23.46
0.47382265	 -0.00038909912	 23.575
0.47612119	 -0.00038897705	 23.69
0.47841974	 -0.00038793945	 23.805
0.48071828	 -0.00038787842	 23.92
0.48303436	 -0.00038690186	 24.035
0.48533291	 -0.00038598633	 24.15
0.48763145	 -0.0003861084	 24.265
0.48992999	 -0.00038562012	 24.38
0.49222853	 -0.00038470459	 24.495
0.49452707	 -0.00038409424	 24.61
0.49682561	 -0.00038391113	 24.725
0.49912415	 -0.00038366699	 24.84
0.5014227	 -0.00038348389	 24.955
0.50372124	 -0.00038293457	 25.07
0.50601978	 -0.00038250732	 25.185
0.50831832	 -0.00038226318	 25.3
0.51061686	 -0.00038220215	 25.415
0.5129154	 -0.00038189697	 25.53
0.51523149	 -0.00038116455	 25.645
0.51753003	 -0.00038122559	 25.76
0.51982857	 -0.00038134766	 25.875
0.52212711	 -0.00038110352	 25.99
0.52442566	 -0.00038024902	 26.105
0.5267242	 -0.00037982178	 26.22
0.52902274	 -0.00037915039	 26.335
0.53132128	 -0.00037774658	 26.45
0.53361982	 -0.00037646484	 26.565
0.53591836	 -0.00037591553	 26.68
0.5382169	 -0.00037536621	 26.795
0.54051545	 -0.00037561035	 26.91
0.54281399	 -0.00037530518	 27.025
0.54511253	 -0.00037506104	 27.14
0.54741107	 -0.00037445068	 27.255
0.54972716	 -0.00037341309	 27.37
0.5520257	 -0.00037255859	 27.485
0.55432424	 -0.00037194824	 27.6
0.55662278	 -0.00037139893	 27.715
0.55892132	 -0.00037158203	 27.83
0.56121986	 -0.00037103271	 27.945
0.5635184	 -0.00037017822	 28.06
0.56581695	 -0.00037011719	 28.175
0.56811549	 -0.00036950684	 28.29
0.57041403	 -0.00036950684	 28.405
0.57271257	 -0.00036895752	 28.52
0.57501111	 -0.00036828613	 28.635
0.57730965	 -0.00036694336	 28.75
0.57960819	 -0.00036608887	 28.865
0.58192428	 -0.00036553955	 28.98
0.58422282	 -0.00036444092	 29.095
0.58652136	 -0.00036322021	 29.21
0.58881991	 -0.000362854	 29.325
0.59111845	 -0.00036248779	 29.44
0.59341699	 -0.00036151123	 29.555
0.59571553	 -0.00036077881	 29.67
0.59801407	 -0.00035949707	 29.785
0.60031261	 -0.00035931396	 29.9
0.60261115	 -0.00035900879	 30.015
0.6049097	 -0.00035821533	 30.13
0.60720824	 -0.00035705566	 30.245
0.60950678	 -0.00035565186	 30.36
0.61180532	 -0.00035522461	 30.475
0.61412141	 -0.00035528564	 30.59
0.61641995	 -0.00035479736	 30.705
0.61871849	 -0.00035302734	 30.82
0.62101703	 -0.00035168457	 30.935
0.62331557	 -0.00035058594	 31.05
0.62561411	 -0.00034967041	 31.165
0.62791266	 -0.00034973145	 31.28
0.6302112	 -0.00034918213	 31.395
0.63250974	 -0.00034814453	 31.51
0.63480828	 -0.00034680176	 31.625
0.63710682	 -0.00034558105	 31.74
0.63940536	 -0.00034515381	 31.855
0.6417039	 -0.00034454346	 31.97
0.64400245	 -0.00034326172	 32.085
0.64630099	 -0.00034185791	 32.2
0.64861707	 -0.00034069824	 32.315
0.65091562	 -0.00033935547	 32.43
0.65321416	 -0.00033856201	 32.545
0.6555127	 -0.00033813477	 32.66
0.65781124	 -0.00033666992	 32.775
0.66010978	 -0.00033557129	 32.89
0.66240832	 -0.00033447266	 33.005
0.66470686	 -0.0003336792	 33.12
0.6670054	 -0.00033166504	 33.235
0.66930395	 -0.00033001709	 33.35
0.67160249	 -0.00032928467	 33.465
0.67390103	 -0.00032867432	 33.58
0.67619957	 -0.00032751465	 33.695
0.67849811	 -0.0003260498	 33.81
0.6808142	 -0.00032440186	 33.925
0.68311274	 -0.00032354736	 34.04
0.68541128	 -0.00032250977	 34.155
0.68770982	 -0.00032122803	 34.27
0.69000836	 -0.00032000732	 34.385
0.69230691	 -0.00031866455	 34.5
0.69460545	 -0.0003170166	 34.615
0.69690399	 -0.00031555176	 34.73
0.69920253	 -0.00031433105	 34.845
0.70150107	 -0.00031286621	 34.96
0.70379961	 -0.00031091309	 35.075
0.70609815	 -0.00030950928	 35.19
0.7083967	 -0.0003079834	 35.305
0.71069524	 -0.00030621338	 35.42
0.71301132	 -0.00030438232	 35.535
0.71530987	 -0.00030249023	 35.65
0.71760841	 -0.00030096436	 35.765
0.71990695	 -0.00029974365	 35.88
0.72220549	 -0.00029821777	 35.995
0.72450403	 -0.00029620361	 36.11
0.72680257	 -0.0002947998	 36.225
0.72910111	 -0.0002935791	 36.34
0.73139966	 -0.00029217529	 36.455
0.7336982	 -0.00028967285	 36.57
0.73599674	 -0.00028747559	 36.685
0.73829528	 -0.00028546143	 36.8
0.74059382	 -0.00028375244	 36.915
0.74289236	 -0.00028173828	 37.03
0.7451909	 -0.00027966309	 37.145
0.74750699	 -0.00027740479	 37.26
0.74980553	 -0.0002756958	 37.375
0.75210407	 -0.00027355957	 37.49
0.75440262	 -0.00027148438	 37.605
0.75670116	 -0.00026934814	 37.72
0.7589997	 -0.00026654053	 37.835
0.76129824	 -0.00026422119	 37.95
0.76359678	 -0.00026147461	 38.065
0.76589532	 -0.00025946045	 38.18
0.76819386	 -0.00025744629	 38.295
0.7704924	 -0.00025494385	 38.41
0.77279095	 -0.00025256348	 38.525
0.77508949	 -0.00024981689	 38.64
0.77738803	 -0.00024755859	 38.755
0.77970412	 -0.00024517822	 38.87
0.78200266	 -0.00024267578	 38.985
0.7843012	 -0.00023980713	 39.1
0.78659974	 -0.00023681641	 39.215
0.78889828	 -0.00023400879	 39.33
0.79119682	 -0.00023126221	 39.445
0.79349536	 -0.00022851562	 39.56
0.79579391	 -0.00022558594	 39.675
0.79809245	 -0.00022235107	 39.79
0.80039099	 -0.0002197876	 39.905
0.80268953	 -0.00021679688	 40.02
0.80498807	 -0.00021356201	 40.135
0.80728661	 -0.00021057129	 40.25
0.80958515	 -0.00020739746	 40.365
0.81190124	 -0.0002041626	 40.48
0.81419978	 -0.00020080566	 40.595
0.81649832	 -0.00019763184	 40.71
0.81879687	 -0.00019415283	 40.825
0.82109541	 -0.00019012451	 40.94
0.82339395	 -0.00018688965	 41.055
0.82569249	 -0.00018359375	 41.17
0.82799103	 -0.00017974854	 41.285
0.83028957	 -0.00017626953	 41.4
0.83258811	 -0.00017272949	 41.515
0.83488666	 -0.00016918945	 41.63
0.8371852	 -0.00016540527	 41.745
0.83948374	 -0.00016156006	 41.86
0.84178228	 -0.00015808105	 41.975
0.84408082	 -0.00015405273	 42.09
0.84639691	 -0.00015032959	 42.205
0.84869545	 -0.00014672852	 42.32
0.85099399	 -0.00014306641	 42.435
0.85329253	 -0.00013897705	 42.55
0.85559107	 -0.00013476563	 42.665
0.85788961	 -0.0001307373	 42.78
0.86018816	 -0.00012683105	 42.895
0.8624867	 -0.0001227417	 43.01
0.86478524	 -0.00011871338	 43.125
0.86708378	 -0.00011480713	 43.24
0.86938232	 -0.00011120605	 43.355
0.87168086	 -0.00010742188	 43.47
0.8739794	 -0.00010339355	 43.585
0.87627795	 -9.967041e-005	 43.7
0.87859403	 -9.5336914e-005	 43.815
0.88089257	 -9.1558838e-005	 43.93
0.88319112	 -8.7854004e-005	 44.045
0.88548966	 -8.4228516e-005	 44.16
0.8877882	 -8.0517578e-005	 44.275
0.89008674	 -7.6794434e-005	 44.39
0.89238528	 -7.3400879e-005	 44.505
0.89468382	 -7.0117188e-005	 44.62
0.89698236	 -6.6662598e-005	 44.735
0.89928091	 -6.3183594e-005	 44.85
0.90157945	 -5.9698486e-005	 44.965
0.90387799	 -5.6445313e-005	 45.08
0.90617653	 -5.3161621e-005	 45.195
0.90847507	 -5.0158691e-005	 45.31
0.91077361	 -4.7198486e-005	 45.425
0.9130897	 -4.4165039e-005	 45.54
0.91538824	 -4.1461182e-005	 45.655
0.91768678	 -3.9019775e-005	 45.77
0.91998532	 -3.6431885e-005	 45.885
0.92228387	 -3.3825684e-005	 46
0.92458241	 -3.1213379e-005	 46.115
0.92688095	 -2.8894043e-005	 46.23
0.92917949	 -2.6654053e-005	 46.345
0.93147803	 -2.4481201e-005	 46.46
0.93377657	 -2.253418e-005	 46.575
0.93607511	 -2.0623779e-005	 46.69
0.93837366	 -1.8719482e-005	 46.805
0.9406722	 -1.7156982e-005	 46.92
0.94297074	 -1.5692139e-005	 47.035
0.94528683	 -1.3916016e-005	 47.15
0.94758537	 -1.2249756e-005	 47.265
0.94988391	 -1.072998e-005	 47.38
0.95218245	 -9.4604492e-006	 47.495
0.95448099	 -8.1829834e-006	 47.61
0.95677953	 -7.0568848e-006	 47.725
0.95907807	 -5.9918213e-006	 47.84
0.96137661	 -4.8443604e-006	 47.955
0.96367516	 -4.1308594e-006	 48.07
0.9659737	 -3.3660889e-006	 48.185
0.96827224	 -2.5109863e-006	 48.3
0.97057078	 -1.5411377e-006	 48.415
0.97286932	 -6.5368652e-007	 48.53
0.97516786	 3.112793e-009	 48.645
0.98208103	 1.9440308e-006	 48.99
0.98437957	 2.5079346e-006	 49.105
0.98667812	 2.7947998e-006	 49.22
0.98897666	 2.9742432e-006	 49.335
0.9912752	 3.3624268e-006	 49.45
0.99357374	 3.8305664e-006	 49.565
0.99587228	 4.387207e-006	 49.68
0.99817082	 4.6697998e-006	 49.795
1.0004694	 4.9951172e-006	 49.91
1.0027679	 5.2722168e-006	 50.025
1.0050664	 5.4803467e-006	 50.14
1.007365	 5.7299805e-006	 50.255
1.0096635	 5.9020996e-006	 50.37
1.0119796	 5.9307861e-006	 50.485
1.0142782	 6.0681152e-006	 50.6
1.0165767	 6.3555908e-006	 50.715
1.0188752	 6.7327881e-006	 50.83
1.0211738	 6.8811035e-006	 50.945
1.0234723	 6.9989014e-006	 51.06
1.0257709	 7.1484375e-006	 51.175
1.0280694	 7.2143555e-006	 51.29
1.0303679	 7.2912598e-006	 51.405
1.0326665	 7.4328613e-006	 51.52
1.034965	 7.3059082e-006	 51.635
1.0372636	 7.2644043e-006	 51.75
1.0395621	 7.4194336e-006	 51.865
1.0418607	 7.7178955e-006	 51.98
1.0441767	 7.9815674e-006	 52.095
1.0464753	 8.0194092e-006	 52.21
1.0487738	 8.1134033e-006	 52.325
1.0510724	 8.147583e-006	 52.44
1.0533709	 8.1738281e-006	 52.555
1.0556694	 8.3673096e-006	 52.67
1.057968	 8.2006836e-006	 52.785
1.0602665	 8.0755615e-006	 52.9
1.0625651	 8.114624e-006	 53.015
1.0648636	 8.336792e-006	 53.13
1.0671622	 8.5595703e-006	 53.245
1.0694607	 8.5656738e-006	 53.36
1.0717592	 8.6859131e-006	 53.475
1.0740578	 8.6834717e-006	 53.59
1.0763739	 8.8061523e-006	 53.705
1.0786724	 8.9904785e-006	 53.82
1.080971	 8.8623047e-006	 53.935
1.0832695	 8.7127686e-006	 54.05
1.085568	 8.7463379e-006	 54.165
1.0878666	 8.9532471e-006	 54.28
1.0901651	 9.1741943e-006	 54.395
1.0924637	 9.2004395e-006	 54.51
1.0947622	 9.2468262e-006	 54.625
1.0970607	 9.3231201e-006	 54.74
1.0993593	 9.3145752e-006	 54.855
1.1016578	 9.4049072e-006	 54.97
1.1039564	 9.4122314e-006	 55.085
1.1062549	 9.1851807e-006	 55.2
1.1085534	 9.2199707e-006	 55.315
1.1108695	 9.4628906e-006	 55.43
1.1131681	 9.7332764e-006	 55.545
1.1154666	 9.8236084e-006	 55.66
1.1177652	 9.8937988e-006	 55.775
1.1200637	 9.9450684e-006	 55.89
1.1223622	 9.9902344e-006	 56.005
1.1246608	 1.0003662e-005	 56.12
1.1269593	 1.0165405e-005	 56.235
1.1292579	 9.9072266e-006	 56.35
1.1315564	 9.8864746e-006	 56.465
1.1338549	 9.9749756e-006	 56.58
1.1361535	 1.0237427e-005	 56.695
1.138452	 1.0429077e-005	 56.81
1.1407506	 1.0426025e-005	 56.925
1.1430667	 1.0679932e-005	 57.04
1.1453652	 1.0725098e-005	 57.155
1.1476637	 1.0736084e-005	 57.27
1.1499623	 1.0946045e-005	 57.385
1.1522608	 1.0762939e-005	 57.5
1.1545594	 1.0658569e-005	 57.615
1.1568579	 1.0745239e-005	 57.73
1.1591564	 1.0982666e-005	 57.845
1.161455	 1.1199951e-005	 57.96
1.1637535	 1.1235352e-005	 58.075
1.1660521	 1.1368408e-005	 58.19
1.1683506	 1.1456909e-005	 58.305
1.1706492	 1.1470337e-005	 58.42
1.1729477	 1.1696167e-005	 58.535
1.1752638	 1.1672974e-005	 58.65
1.1775623	 1.1593018e-005	 58.765
1.1798609	 1.1650391e-005	 58.88
1.1821594	 1.1871338e-005	 58.995
1.184458	 1.2174072e-005	 59.11
1.1867565	 1.2255859e-005	 59.225
1.189055	 1.2394409e-005	 59.34
1.1913536	 1.2504272e-005	 59.455
1.1936521	 1.2542114e-005	 59.57
1.1959507	 1.2729492e-005	 59.685
1.1982492	 1.2728882e-005	 59.8
1.1993371	 9.8376465e-006	 59.915
1.197021	 7.8594971e-006	 60.03
1.1947224	 6.8212891e-006	 60.145
1.1924239	 6.1425781e-006	 60.26
1.1901253	 5.4205322e-006	 60.375
1.1878268	 4.8028564e-006	 60.49
1.1855283	 4.2474365e-006	 60.605
1.1832297	 3.7548828e-006	 60.72
1.1809312	 3.3911133e-006	 60.835
1.1786326	 2.9864502e-006	 60.95
1.1763341	 2.4682617e-006	 61.065
1.1740356	 2.0849609e-006	 61.18
1.171737	 1.9036865e-006	 61.295
1.1694385	 1.8762207e-006	 61.41
1.1671399	 1.6540527e-006	 61.525
1.1648414	 1.4685059e-006	 61.64
1.1625253	 1.2030029e-006	 61.755
1.1602268	 9.6984863e-007	 61.87
1.1579282	 8.8916016e-007	 61.985
1.1556297	 6.9525146e-007	 62.1
1.1533311	 3.3447266e-007	 62.215
1.1510326	 1.9244385e-007	 62.33
1.1487341	 1.40625e-007	 62.445
1.1464355	 2.6000977e-007	 62.56
1.144137	 1.3928223e-007	 62.675
1.1418384	 8.2397461e-008	 62.79
1.1395399	 -4.3280029e-008	 62.905
1.1349428	 -1.3415527e-007	 63.135
1.1326443	 -2.5152588e-007	 63.25
1.1303282	 -6.4648438e-007	 63.365
1.1280296	 -7.7593994e-007	 63.48
1.1257311	 -7.510376e-007	 63.595
1.1234326	 -5.9887695e-007	 63.71
1.121134	 -6.730957e-007	 63.825
1.1188355	 -6.5820313e-007	 63.94
1.1165369	 -7.0861816e-007	 64.055
1.1142384	 -7.9974365e-007	 64.17
1.1119398	 -7.5653076e-007	 64.285
1.1096413	 -8.9099121e-007	 64.4
1.1073428	 -1.1131592e-006	 64.515
1.1050442	 -1.2105713e-006	 64.63
1.1027457	 -1.1901245e-006	 64.745
1.1004471	 -1.0370483e-006	 64.86
1.0981311	 -1.1987915e-006	 64.975
1.0958325	 -1.2089233e-006	 65.09
1.093534	 -1.2390137e-006	 65.205
1.0912354	 -1.3110962e-006	 65.32
1.0889369	 -1.2153931e-006	 65.435
1.0866383	 -1.407959e-006	 65.55
1.0843398	 -1.5909424e-006	 65.665
1.0820413	 -1.6775513e-006	 65.78
1.0797427	 -1.56427e-006	 65.895
1.0774442	 -1.4348755e-006	 66.01
1.0751456	 -1.5265503e-006	 66.125
1.0728471	 -1.5220337e-006	 66.24
1.0705486	 -1.550415e-006	 66.355
1.06825	 -1.6346436e-006	 66.47
1.0659515	 -1.4914551e-006	 66.585
1.0636354	 -1.7919312e-006	 66.7
1.0613368	 -1.9904175e-006	 66.815
1.0590383	 -2.0812988e-006	 66.93
1.0567398	 -1.9696045e-006	 67.045
1.0544412	 -1.8518066e-006	 67.16
1.0521427	 -1.9091797e-006	 67.275
1.0498441	 -1.8969727e-006	 67.39
1.0475456	 -1.9451904e-006	 67.505
1.0452471	 -2.0220947e-006	 67.62
1.0429485	 -1.9110107e-006	 67.735
1.04065	 -2.1032715e-006	 67.85
1.0383514	 -2.2888184e-006	 67.965
1.0360529	 -2.3754883e-006	 68.08
1.0337543	 -2.2998047e-006	 68.195
1.0314383	 -2.2766113e-006	 68.31
1.0291397	 -2.3321533e-006	 68.425
1.0268412	 -2.3706055e-006	 68.54
1.0245426	 -2.3718262e-006	 68.655
1.0222441	 -2.4890137e-006	 68.77
1.0199456	 -2.3675537e-006	 68.885
1.017647	 -2.5683594e-006	 69
1.0153485	 -2.7874756e-006	 69.115
1.0130499	 -2.8546143e-006	 69.23
1.0107514	 -2.7618408e-006	 69.345
1.0084528	 -2.6715088e-006	 69.46
1.0061543	 -2.7752686e-006	 69.575
1.0038558	 -2.7618408e-006	 69.69
1.0015572	 -2.8460693e-006	 69.805
0.99924114	 -3.0541992e-006	 69.92
0.99694259	 -2.9650879e-006	 70.035
0.99464405	 -3.2006836e-006	 70.15
0.99234551	 -3.4387207e-006	 70.265
0.99004697	 -3.5272217e-006	 70.38
0.98774843	 -3.4997559e-006	 70.495
0.98544989	 -3.4313965e-006	 70.61
0.98315135	 -3.5491943e-006	 70.725
0.98085281	 -3.5784912e-006	 70.84
0.97855426	 -3.6639404e-006	 70.955
0.97625572	 -3.8427734e-006	 71.07
0.97395718	 -3.795166e-006	 71.185
0.97165864	 -4.09729e-006	 71.3
0.9693601	 -4.352417e-006	 71.415
0.96706156	 -4.5300293e-006	 71.53
0.96474547	 -4.642334e-006	 71.645
0.96244693	 -4.6453857e-006	 71.76
0.96014839	 -4.8345947e-006	 71.875
0.95784985	 -4.9609375e-006	 71.99
0.9555513	 -5.177002e-006	 72.105
0.95325276	 -5.3912354e-006	 72.22
0.95095422	 -5.4870605e-006	 72.335
0.94865568	 -5.8978271e-006	 72.45
0.94635714	 -6.2835693e-006	 72.565
0.9440586	 -6.5441895e-006	 72.68
0.94176006	 -6.7645264e-006	 72.795
0.93946151	 -6.9281006e-006	 72.91
0.93716297	 -7.3144531e-006	 73.025
0.93486443	 -7.6434326e-006	 73.14
0.93254834	 -8.1164551e-006	 73.255
0.9302498	 -8.6102295e-006	 73.37
0.92795126	 -8.9074707e-006	 73.485
0.92565272	 -9.5672607e-006	 73.6
0.92335418	 -1.0276489e-005	 73.715
0.92105564	 -1.0863647e-005	 73.83
0.9187571	 -1.1384888e-005	 73.945
0.91645855	 -1.1890869e-005	 74.06
0.91416001	 -1.2623901e-005	 74.175
0.91186147	 -1.3373413e-005	 74.29
0.90956293	 -1.4255371e-005	 74.405
0.90726439	 -1.5216064e-005	 74.52
0.90496585	 -1.6056519e-005	 74.635
0.90266731	 -1.727478e-005	 74.75
0.90035122	 -1.8691406e-005	 74.865
0.89805268	 -1.9824219e-005	 74.98
0.89575414	 -2.0953369e-005	 75.095
0.89345559	 -2.2137451e-005	 75.21
0.89115705	 -2.366333e-005	 75.325
0.88885851	 -2.5164795e-005	 75.44
0.88655997	 -2.6794434e-005	 75.555
0.88426143	 -2.8619385e-005	 75.67
0.88196289	 -3.0340576e-005	 75.785
0.87966435	 -3.2446289e-005	 75.9
0.87736581	 -3.4710693e-005	 76.015
0.87506726	 -3.6895752e-005	 76.13
0.87276872	 -3.8995361e-005	 76.245
0.87047018	 -4.1229248e-005	 76.36
0.86817164	 -4.3743896e-005	 76.475
0.86585555	 -4.6429443e-005	 76.59
0.86355701	 -4.9176025e-005	 76.705
0.86125847	 -5.19104e-005	 76.82
0.85895993	 -5.4675293e-005	 76.935
0.85666139	 -5.7818604e-005	 77.05
0.85436285	 -6.116333e-005	 77.165
0.8520643	 -6.4337158e-005	 77.28
0.84976576	 -6.7553711e-005	 77.395
0.84746722	 -7.0709229e-005	 77.51
0.84516868	 -7.4212646e-005	 77.625
0.84287014	 -7.7624512e-005	 77.74
0.8405716	 -8.1170654e-005	 77.855
0.83827306	 -8.4899902e-005	 77.97
0.83597451	 -8.8494873e-005	 78.085
0.83365843	 -9.2785645e-005	 78.2
0.83135989	 -9.6826172e-005	 78.315
0.82906134	 -0.00010062866	 78.43
0.8267628	 -0.00010429688	 78.545
0.82446426	 -0.00010792847	 78.66
0.82216572	 -0.00011176758	 78.775
0.81986718	 -0.00011555786	 78.89
0.81756864	 -0.0001194458	 79.005
0.8152701	 -0.00012335205	 79.12
0.81297155	 -0.00012700806	 79.235
0.81067301	 -0.00013110352	 79.35
0.80837447	 -0.00013518066	 79.465
0.80607593	 -0.00013916016	 79.58
0.80377739	 -0.00014276733	 79.695
0.80147885	 -0.00014666138	 79.81
0.79916276	 -0.00015057983	 79.925
0.79686422	 -0.00015411987	 80.04
0.79456568	 -0.00015783691	 80.155
0.79226714	 -0.00016143799	 80.27
0.78996859	 -0.00016489868	 80.385
0.78767005	 -0.00016861572	 80.5
0.78537151	 -0.00017197876	 80.615
0.78307297	 -0.00017554321	 80.73
0.78077443	 -0.00017906494	 80.845
0.77847589	 -0.00018255005	 80.96
0.77617735	 -0.00018579102	 81.075
0.77387881	 -0.00018884277	 81.19
0.77158026	 -0.00019219971	 81.305
0.76928172	 -0.00019494629	 81.42
0.76696564	 -0.00019824219	 81.535
0.76466709	 -0.00020178223	 81.65
0.76236855	 -0.00020477295	 81.765
0.76007001	 -0.00020751953	 81.88
0.75777147	 -0.00021057129	 81.995
0.75547293	 -0.0002131958	 82.11
0.75317439	 -0.00021569824	 82.225
0.75087585	 -0.00021856689	 82.34
0.7485773	 -0.00022131348	 82.455
0.74627876	 -0.00022363281	 82.57
0.74398022	 -0.00022619629	 82.685
0.74168168	 -0.00022924805	 82.8
0.73938314	 -0.00023223877	 82.915
0.7370846	 -0.00023455811	 83.03
0.73476851	 -0.00023706055	 83.145
0.73246997	 -0.00023925781	 83.26
0.73017143	 -0.00024151611	 83.375
0.72787289	 -0.00024371338	 83.49
0.72557434	 -0.00024554443	 83.605
0.7232758	 -0.00024780273	 83.72
0.72097726	 -0.00024957275	 83.835
0.71867872	 -0.00025213623	 83.95
0.71638018	 -0.00025494385	 84.065
0.71408164	 -0.00025708008	 84.18
0.7117831	 -0.00025866699	 84.295
0.70948455	 -0.00026043701	 84.41
0.70718601	 -0.00026269531	 84.525
0.70488747	 -0.00026416016	 84.64
0.70258893	 -0.00026593018	 84.755
0.70027284	 -0.00026806641	 84.87
0.6979743	 -0.00027020264	 84.985
0.69567576	 -0.00027124023	 85.1
0.69337722	 -0.00027258301	 85.215
0.69107868	 -0.00027484131	 85.33
0.68878014	 -0.00027624512	 85.445
0.6864816	 -0.00027783203	 85.56
0.68418305	 -0.00027941895	 85.675
0.68188451	 -0.00028155518	 85.79
0.67958597	 -0.00028314209	 85.905
0.67728743	 -0.00028497314	 86.02
0.67498889	 -0.00028649902	 86.135
0.67269035	 -0.00028833008	 86.25
0.67039181	 -0.00028985596	 86.365
0.66807572	 -0.00029138184	 86.48
0.66577718	 -0.00029199219	 86.595
0.66347864	 -0.00029394531	 86.71
0.66118009	 -0.00029577637	 86.825
0.65888155	 -0.00029699707	 86.94
0.65658301	 -0.00029821777	 87.055
0.65428447	 -0.00029937744	 87.17
0.65198593	 -0.00030059814	 87.285
0.64968739	 -0.00030230713	 87.4
0.64738885	 -0.00030426025	 87.515
0.6450903	 -0.00030505371	 87.63
0.64279176	 -0.00030633545	 87.745
0.64049322	 -0.00030737305	 87.86
0.63819468	 -0.00030895996	 87.975
0.63587859	 -0.00030999756	 88.09
0.63358005	 -0.00031170654	 88.205
0.63128151	 -0.00031347656	 88.32
0.62898297	 -0.00031433105	 88.435
0.62668443	 -0.00031500244	 88.55
0.62438589	 -0.00031591797	 88.665
0.62208734	 -0.00031719971	 88.78
0.6197888	 -0.00031829834	 88.895
0.61749026	 -0.0003190918	 89.01
0.61519172	 -0.00031933594	 89.125
0.61289318	 -0.00032000732	 89.24
0.61059464	 -0.00032104492	 89.355
0.6082961	 -0.00032244873	 89.47
0.60599755	 -0.00032421875	 89.585
0.60369901	 -0.00032562256	 89.7
0.60138293	 -0.00032598877	 89.815
0.59908438	 -0.00032720947	 89.93
0.59678584	 -0.00032824707	 90.045
0.5944873	 -0.00032861328	 90.16
0.59218876	 -0.00032965088	 90.275
0.58989022	 -0.00033093262	 90.39
0.58759168	 -0.00033178711	 90.505
0.58529314	 -0.00033288574	 90.62
0.5829946	 -0.00033288574	 90.735
0.58069605	 -0.00033306885	 90.85
0.57839751	 -0.00033459473	 90.965
0.57609897	 -0.00033612061	 91.08
0.57380043	 -0.00033618164	 91.195
0.57150189	 -0.0003359375	 91.31
0.5691858	 -0.00033721924	 91.425
0.56688726	 -0.00033831787	 91.54
0.56458872	 -0.00033905029	 91.655
0.56229018	 -0.00033966064	 91.77
0.55999164	 -0.00034039307	 91.885
0.55769309	 -0.00034033203	 92
0.55539455	 -0.00034228516	 92.115
0.55309601	 -0.00034332275	 92.23
0.55079747	 -0.00034411621	 92.345
0.54849893	 -0.00034436035	 92.46
0.54620039	 -0.00034545898	 92.575
0.54390185	 -0.00034643555	 92.69
0.5416033	 -0.00034692383	 92.805
0.53930476	 -0.00034741211	 92.92
0.53698868	 -0.00034832764	 93.035
0.53469013	 -0.00034881592	 93.15
0.53239159	 -0.00034887695	 93.265
0.53009305	 -0.00034924316	 93.38
0.52779451	 -0.00034991455	 93.495
0.52549597	 -0.00035009766	 93.61
0.52319743	 -0.00035040283	 93.725
0.52089889	 -0.00035101318	 93.84
0.51860034	 -0.00035131836	 93.955
0.5163018	 -0.00035180664	 94.07
0.51400326	 -0.00035247803	 94.185
0.51170472	 -0.00035314941	 94.3
0.50940618	 -0.00035412598	 94.415
0.50710764	 -0.00035479736	 94.53
0.5048091	 -0.00035552979	 94.645
0.50249301	 -0.00035614014	 94.76
0.50019447	 -0.00035595703	 94.875
0.49789593	 -0.00035638428	 94.99
0.49559738	 -0.00035705566	 95.105
0.49329884	 -0.00035736084	 95.22
0.4910003	 -0.0003581543	 95.335
0.48870176	 -0.00035888672	 95.45
0.48640322	 -0.000359375	 95.565
0.48410468	 -0.00035955811	 95.68
0.48180614	 -0.00035968018	 95.795
0.4795076	 -0.00035900879	 95.91
0.47720905	 -0.000359375	 96.025
0.47491051	 -0.000359375	 96.14
0.47261197	 -0.00035998535	 96.255
0.47029588	 -0.00036126709	 96.37
0.46799734	 -0.00036230469	 96.485
0.4656988	 -0.000362854	 96.6
0.46340026	 -0.00036419678	 96.715
0.46110172	 -0.0003638916	 96.83
0.45880318	 -0.00036395264	 96.945
0.45650464	 -0.00036401367	 97.06
0.45420609	 -0.00036437988	 97.175
0.45190755	 -0.00036505127	 97.29
0.44960901	 -0.00036572266	 97.405
0.44731047	 -0.00036627197	 97.52
0.44501193	 -0.00036706543	 97.635
0.44271339	 -0.00036676025	 97.75
0.44041485	 -0.00036621094	 97.865
0.43809876	 -0.00036584473	 97.98
0.43580022	 -0.00036743164	 98.095
0.43350168	 -0.00036877441	 98.21
0.43120313	 -0.00036907959	 98.325
0.42890459	 -0.00036962891	 98.44
0.42660605	 -0.00036981201	 98.555
0.42430751	 -0.00037036133	 98.67
0.42200897	 -0.00037164307	 98.785
0.41971043	 -0.000371521	 98.9
0.41741189	 -0.00037133789	 99.015
0.41511334	 -0.00037084961	 99.13
0.4128148	 -0.00037121582	 99.245
0.41051626	 -0.00037188721	 99.36
0.40821772	 -0.00037219238	 99.475
0.40591918	 -0.00037188721	 99.59
0.40360309	 -0.00037072754	 99.705
0.40130455	 -0.00037207031	 99.82
0.39900601	 -0.00037182617	 99.935
0.39670747	 -0.00037213135	 100.05
0.39440893	 -0.00037316895	 100.165
0.39211039	 -0.00037384033	 100.28
0.38981184	 -0.00037445068	 100.395
0.3875133	 -0.00037536621	 100.51
0.38521476	 -0.00037536621	 100.625
0.38291622	 -0.00037554932	 100.74
0.38061768	 -0.00037518311	 100.855
0.37831914	 -0.00037542725	 100.97
0.3760206	 -0.00037585449	 101.085
0.37372205	 -0.00037579346	 101.2
0.37140597	 -0.00037628174	 101.315
0.36910743	 -0.00037561035	 101.43
0.36680888	 -0.00037573242	 101.545
0.36451034	 -0.00037756348	 101.66
0.3622118	 -0.00037860107	 101.775
0.35991326	 -0.00037878418	 101.89
0.35761472	 -0.00037866211	 102.005
0.35531618	 -0.00037915039	 102.12
0.35301764	 -0.00037896729	 102.235
0.35071909	 -0.00037884521	 102.35
0.34842055	 -0.00037982178	 102.465
0.34612201	 -0.00038037109	 102.58
0.34382347	 -0.00038098145	 102.695
0.34152493	 -0.00038104248	 102.81
0.33922639	 -0.00038122559	 102.925
0.3369103	 -0.00038165283	 103.04
0.33461176	 -0.00038250732	 103.155
0.33231322	 -0.00038269043	 103.27
0.33001468	 -0.00038250732	 103.385
0.32771613	 -0.00038269043	 103.5
0.32541759	 -0.00038317871	 103.615
0.32311905	 -0.00038299561	 103.73
0.32082051	 -0.0003828125	 103.845
0.31852197	 -0.0003828125	 103.96
0.31622343	 -0.00038354492	 104.075
0.31392489	 -0.0003838501	 104.19
0.31162634	 -0.00038397217	 104.305
0.3093278	 -0.00038464355	 104.42
0.30702926	 -0.00038458252	 104.535
0.30471317	 -0.00038494873	 104.65
0.30241463	 -0.00038470459	 104.765
0.30011609	 -0.00038525391	 104.88
0.29781755	 -0.00038568115	 104.995
0.29551901	 -0.00038635254	 105.11
0.29322047	 -0.00038562012	 105.225
0.29092193	 -0.0003850708	 105.34
0.28862339	 -0.00038476563	 105.455
0.28632484	 -0.00038464355	 105.57
0.2840263	 -0.0003850708	 105.685
0.28172776	 -0.00038482666	 105.8
0.27942922	 -0.00038452148	 105.915
0.27713068	 -0.00038433838	 106.03
0.27483214	 -0.00038482666	 106.145
0.27251605	 -0.00038537598	 106.26
0.27021751	 -0.0003861084	 106.375
0.26791897	 -0.00038775635	 106.49
0.26562043	 -0.00038702393	 106.605
0.26332188	 -0.00038531494	 106.72
0.26102334	 -0.00038555908	 106.835
0.2587248	 -0.00038659668	 106.95
0.25642626	 -0.00038696289	 107.065
0.25412772	 -0.0003873291	 107.18
0.25182918	 -0.00038739014	 107.295
0.24953064	 -0.00038708496	 107.41
0.24723209	 -0.00038775635	 107.525
0.24493355	 -0.00038769531	 107.64
0.24263501	 -0.00038751221	 107.755
0.24033647	 -0.00038708496	 107.87
0.23802038	 -0.00038690186	 107.985
0.23572184	 -0.00038702393	 108.1
0.2334233	 -0.00038726807	 108.215
0.23112476	 -0.00038696289	 108.33
0.22882622	 -0.000387146	 108.445
0.22652768	 -0.00038641357	 108.56
0.22422913	 -0.00038702393	 108.675
0.22193059	 -0.00038775635	 108.79
0.21963205	 -0.00038739014	 108.905
0.21733351	 -0.00038671875	 109.02
0.21503497	 -0.0003873291	 109.135
0.21273643	 -0.00038641357	 109.25
0.21043789	 -0.0003862915	 109.365
0.20813935	 -0.00038616943	 109.48
0.20582326	 -0.0003861084	 109.595
0.20352472	 -0.00038604736	 109.71
0.20122617	 -0.00038653564	 109.825
0.19892763	 -0.00038549805	 109.94
0.19662909	 -0.00038598633	 110.055
0.19433055	 -0.00038543701	 110.17
0.19203201	 -0.00038555908	 110.285
0.18973347	 -0.00038543701	 110.4
0.18743493	 -0.00038464355	 110.515
0.18513639	 -0.00038500977	 110.63
0.18283784	 -0.00038616943	 110.745
0.1805393	 -0.00038702393	 110.86
0.17824076	 -0.00038677979	 110.975
0.17594222	 -0.0003862915	 111.09
0.17362613	 -0.00038555908	 111.205
0.17132759	 -0.00038562012	 111.32
0.16902905	 -0.00038586426	 111.435
0.16673051	 -0.00038598633	 111.55
0.16443197	 -0.0003850708	 111.665
0.16213343	 -0.00038519287	 111.78
0.15983488	 -0.00038708496	 111.895
0.15753634	 -0.00038897705	 112.01
0.1552378	 -0.00038800049	 112.125
0.15293926	 -0.00038720703	 112.24
0.15064072	 -0.00038671875	 112.355
0.14834218	 -0.00038555908	 112.47
0.14604364	 -0.0003850708	 112.585
0.14374509	 -0.0003861084	 112.7
0.14144655	 -0.00038604736	 112.815
0.13913047	 -0.00038580322	 112.93
0.13683192	 -0.0003850708	 113.045
0.13453338	 -0.00038562012	 113.16
0.13223484	 -0.00038677979	 113.275
0.1299363	 -0.00038635254	 113.39
0.12763776	 -0.00038531494	 113.505
0.12533922	 -0.00038574219	 113.62
0.12304068	 -0.00038635254	 113.735
0.12074213	 -0.0003861084	 113.85
0.11844359	 -0.00038720703	 113.965
0.11614505	 -0.00038818359	 114.08
0.11384651	 -0.00038769531	 114.195
0.11154797	 -0.00038665771	 114.31
0.10924943	 -0.00038751221	 114.425
0.10693334	 -0.00038830566	 114.54
0.1046348	 -0.00038824463	 114.655
0.10233626	 -0.00038696289	 114.77
0.10003772	 -0.00038690186	 114.885
