Potential (V)	 Current (A)	 Elapsed Time (s)
0.10005526	 -0.00036621094	 0
0.097756721	 -0.00046691895	 0.11500013
0.09545818	 -0.00046606445	 0.23000026
0.093159638	 -0.00046575928	 0.34499976
0.090861097	 -0.00046429443	 0.45999989
0.088545009	 -0.00046270752	 0.57500002
0.086246468	 -0.00046234131	 0.69000016
0.083947927	 -0.00046087646	 0.80500029
0.081649385	 -0.00046038818	 0.91999979
0.079350844	 -0.00046032715	 1.0349999
0.077052303	 -0.00045782471	 1.15
0.074753761	 -0.00045690918	 1.2650002
0.07245522	 -0.00045355225	 1.3800003
0.070156679	 -0.00045532227	 1.4949998
0.067858137	 -0.00045501709	 1.6099999
0.065559596	 -0.00045373535	 1.7250001
0.063261054	 -0.00045227051	 1.8400002
0.060962513	 -0.0004508667	 1.9549997
0.058663972	 -0.00044995117	 2.0699998
0.05636543	 -0.00044891357	 2.185
0.054049343	 -0.00044787598	 2.3000001
0.051750802	 -0.00044744873	 2.4150002
0.050662942	 -0.00043811035	 2.5299997
0.05297903	 -0.00043695068	 2.6449999
0.055277571	 -0.00043664551	 2.76
0.057576112	 -0.00043621826	 2.8750001
0.059874654	 -0.00043566895	 2.9900003
0.062173195	 -0.00043505859	 3.1049998
0.064471737	 -0.00043572998	 3.2199999
0.066770278	 -0.0004364624	 3.335
0.069068819	 -0.00043719482	 3.4500001
0.071367361	 -0.00043829346	 3.5650003
0.073665902	 -0.00043811035	 3.6799998
0.075964443	 -0.00043896484	 3.7949999
0.078262985	 -0.00043994141	 3.91
0.080561526	 -0.0004395752	 4.0250002
0.082860067	 -0.00043981934	 4.1400003
0.085158609	 -0.00044110107	 4.2549998
0.087474696	 -0.00044030762	 4.3699999
0.089773238	 -0.00044134521	 4.4850001
0.092071779	 -0.00044281006	 4.6000002
0.09437032	 -0.00043945313	 4.7149997
0.096668862	 -0.00044293213	 4.8299998
0.098967403	 -0.00044299316	 4.945
0.10126594	 -0.00044390869	 5.0600001
0.10356449	 -0.00044335938	 5.1750002
0.10586303	 -0.00044421387	 5.2899997
0.10816157	 -0.00044372559	 5.4049999
0.11046011	 -0.00044433594	 5.52
0.11275865	 -0.00044494629	 5.6350001
0.11505719	 -0.00044549561	 5.7500002
0.11735573	 -0.00044561768	 5.8649997
0.11967182	 -0.0004465332	 5.9799999
0.12197036	 -0.00044708252	 6.095
0.1242689	 -0.00044622803	 6.2100001
0.12656745	 -0.00044628906	 6.3250003
0.12886599	 -0.00044512939	 6.4399998
0.13116453	 -0.00044689941	 6.5549999
0.13346307	 -0.00044702148	 6.67
0.13576161	 -0.00044671631	 6.7850002
0.13806015	 -0.00044781494	 6.9000003
0.14035869	 -0.00044689941	 7.0149998
0.14265724	 -0.000449646	 7.1299999
0.14495578	 -0.00044793701	 7.2450001
0.14725432	 -0.00044873047	 7.3600002
0.14955286	 -0.00044952393	 7.4749997
0.15186895	 -0.00044970703	 7.5899998
0.15416749	 -0.0004498291	 7.7049999
0.15646603	 -0.00045068359	 7.8200001
0.15876457	 -0.00045037842	 7.9350002
0.16106311	 -0.00044934082	 8.0499997
0.16336165	 -0.00045074463	 8.1649998
0.1656602	 -0.00045141602	 8.28
0.16795874	 -0.0004510498	 8.3950001
0.17025728	 -0.0004486084	 8.5100002
0.17255582	 -0.00045281982	 8.6249997
0.17485436	 -0.00045251465	 8.7399999
0.1771529	 -0.00045227051	 8.855
0.17945144	 -0.00045227051	 8.9700001
0.18174998	 -0.0004520874	 9.0850003
0.18404853	 -0.00045275879	 9.1999998
0.18636461	 -0.00045349121	 9.3149999
0.18866315	 -0.0004541626	 9.43
0.1909617	 -0.00045495605	 9.5450002
0.19326024	 -0.00045440674	 9.6600003
0.19555878	 -0.00045526123	 9.7749998
0.19785732	 -0.00045501709	 9.8899999
0.20015586	 -0.00045501709	 10.005
0.2024544	 -0.00045471191	 10.12
0.20475294	 -0.00045458984	 10.235
0.20705149	 -0.00045471191	 10.35
0.20935003	 -0.00045471191	 10.465
0.21164857	 -0.00045477295	 10.58
0.21394711	 -0.00045898438	 10.695
0.21624565	 -0.00045874023	 10.81
0.21856174	 -0.0004553833	 10.925
0.22086028	 -0.00045721436	 11.04
0.22315882	 -0.00045758057	 11.155
0.22545736	 -0.00045965576	 11.27
0.2277559	 -0.00045941162	 11.385
0.23005445	 -0.00045892334	 11.5
0.23235299	 -0.00045495605	 11.615
0.23465153	 -0.00046044922	 11.73
0.23695007	 -0.00045806885	 11.845
0.23924861	 -0.00045959473	 11.96
0.24154715	 -0.00045904541	 12.075
0.24384569	 -0.00045959473	 12.19
0.24614424	 -0.00045788574	 12.305
0.24844278	 -0.0004598999	 12.42
0.25075886	 -0.00046142578	 12.535
0.25305741	 -0.00046246338	 12.65
0.25535595	 -0.00046063232	 12.765
0.25765449	 -0.00046142578	 12.88
0.25995303	 -0.00046154785	 12.995
0.26225157	 -0.00046166992	 13.11
0.26455011	 -0.00046142578	 13.225
0.26684865	 -0.00046179199	 13.34
0.26914719	 -0.00046270752	 13.455
0.27144574	 -0.00046368408	 13.57
0.27374428	 -0.00046350098	 13.685
0.27604282	 -0.00046179199	 13.8
0.27834136	 -0.00046112061	 13.915
0.2806399	 -0.00046130371	 14.03
0.28293844	 -0.00046160889	 14.145
0.28525453	 -0.00046173096	 14.26
0.28755307	 -0.00046240234	 14.375
0.28985161	 -0.00046166992	 14.49
0.29215015	 -0.00046136475	 14.605
0.2944487	 -0.00046112061	 14.72
0.29674724	 -0.00046264648	 14.835
0.29904578	 -0.00046264648	 14.95
0.30134432	 -0.00046209717	 15.065
0.30364286	 -0.00045953369	 15.18
0.3059414	 -0.00046221924	 15.295
0.30823994	 -0.00046203613	 15.41
0.31053849	 -0.00046099854	 15.525
0.31283703	 -0.00046105957	 15.64
0.31513557	 -0.00046032715	 15.755
0.31745166	 -0.00046075439	 15.87
0.3197502	 -0.00045996094	 15.985
0.32204874	 -0.00046069336	 16.1
0.32434728	 -0.00045556641	 16.215
0.32664582	 -0.00046264648	 16.33
0.32894436	 -0.00046020508	 16.445
0.3312429	 -0.00045910645	 16.56
0.33354145	 -0.00045758057	 16.675
0.33583999	 -0.00045794678	 16.79
0.33813853	 -0.00045855713	 16.905
0.34043707	 -0.00045837402	 17.02
0.34273561	 -0.00045672607	 17.135
0.34503415	 -0.00045770264	 17.25
0.34733269	 -0.00045703125	 17.365
0.34964878	 -0.00045648193	 17.48
0.35194732	 -0.00045684814	 17.595
0.35424586	 -0.00045422363	 17.71
0.35654441	 -0.0004564209	 17.825
0.35884295	 -0.00045452881	 17.94
0.36114149	 -0.00045373535	 18.055
0.36344003	 -0.00045452881	 18.17
0.36573857	 -0.00045446777	 18.285
0.36803711	 -0.00045428467	 18.4
0.37033565	 -0.00045397949	 18.515
0.37263419	 -0.0004541626	 18.63
0.37493274	 -0.00045251465	 18.745
0.37723128	 -0.00045233154	 18.86
0.37952982	 -0.00044970703	 18.975
0.38182836	 -0.00045532227	 19.09
0.38414445	 -0.00045092773	 19.205
0.38644299	 -0.00044995117	 19.32
0.38874153	 -0.00045056152	 19.435
0.39104007	 -0.00045037842	 19.55
0.39333861	 -0.0004498291	 19.665
0.39563715	 -0.00044952393	 19.78
0.3979357	 -0.00044989014	 19.895
0.40023424	 -0.00044793701	 20.01
0.40253278	 -0.00044775391	 20.125
0.40483132	 -0.00044769287	 20.24
0.40712986	 -0.00044665527	 20.355
0.4094284	 -0.00044470215	 20.47
0.41172694	 -0.00044598389	 20.585
0.41402549	 -0.00044573975	 20.7
0.41634157	 -0.00044580078	 20.815
0.41864011	 -0.00044519043	 20.93
0.42093866	 -0.00044030762	 21.045
0.4232372	 -0.0004440918	 21.16
0.42553574	 -0.00044274902	 21.275
0.42783428	 -0.00044250488	 21.39
0.43013282	 -0.00044219971	 21.505
0.43243136	 -0.00044134521	 21.62
0.4347299	 -0.00044116211	 21.735
0.43702845	 -0.00044146729	 21.85
0.43932699	 -0.00044281006	 21.965
0.44162553	 -0.00044030762	 22.08
0.44392407	 -0.00043969727	 22.195
0.44622261	 -0.00043859863	 22.31
0.44852115	 -0.00043798828	 22.425
0.45083724	 -0.00043536377	 22.54
0.45313578	 -0.00043695068	 22.655
0.45543432	 -0.00043652344	 22.77
0.45773286	 -0.00043664551	 22.885
0.46003141	 -0.00043579102	 23
0.46232995	 -0.00043505859	 23.115
0.46462849	 -0.00043518066	 23.23
0.46692703	 -0.00043438721	 23.345
0.46922557	 -0.00043383789	 23.46
0.47152411	 -0.0004317627	 23.575
0.47382265	 -0.00043164063	 23.69
0.47612119	 -0.00043188477	 23.805
0.47841974	 -0.00043121338	 23.92
0.48071828	 -0.00043188477	 24.035
0.48303436	 -0.00042919922	 24.15
0.48533291	 -0.0004307251	 24.265
0.48763145	 -0.0004296875	 24.38
0.48992999	 -0.00042962646	 24.495
0.49222853	 -0.00042950439	 24.61
0.49452707	 -0.00042785645	 24.725
0.49682561	 -0.00042767334	 24.84
0.49912415	 -0.00042730713	 24.955
0.5014227	 -0.00042626953	 25.07
0.50372124	 -0.00042590332	 25.185
0.50601978	 -0.00042510986	 25.3
0.50831832	 -0.00042474365	 25.415
0.51061686	 -0.00042449951	 25.53
0.5129154	 -0.00042327881	 25.645
0.51523149	 -0.00042321777	 25.76
0.51753003	 -0.00042193604	 25.875
0.51982857	 -0.00042181396	 25.99
0.52212711	 -0.00042047119	 26.105
0.52442566	 -0.00042010498	 26.22
0.5267242	 -0.00041949463	 26.335
0.52902274	 -0.00041845703	 26.45
0.53132128	 -0.00041796875	 26.565
0.53361982	 -0.00041723633	 26.68
0.53591836	 -0.00041711426	 26.795
0.5382169	 -0.00041491699	 26.91
0.54051545	 -0.00041558838	 27.025
0.54281399	 -0.00041497803	 27.14
0.54511253	 -0.00041473389	 27.255
0.54741107	 -0.00041448975	 27.37
0.54972716	 -0.0004128418	 27.485
0.5520257	 -0.00041375732	 27.6
0.55432424	 -0.00041033936	 27.715
0.55662278	 -0.0004119873	 27.83
0.55892132	 -0.00041015625	 27.945
0.56121986	 -0.00040924072	 28.06
0.5635184	 -0.00040838623	 28.175
0.56581695	 -0.00040692139	 28.29
0.56811549	 -0.00040820312	 28.405
0.57041403	 -0.00040594482	 28.52
0.57271257	 -0.00040411377	 28.635
0.57501111	 -0.00040496826	 28.75
0.57730965	 -0.00040356445	 28.865
0.57960819	 -0.000402771	 28.98
0.58192428	 -0.00040148926	 29.095
0.58422282	 -0.00040093994	 29.21
0.58652136	 -0.00039971924	 29.325
0.58881991	 -0.00039862061	 29.44
0.59111845	 -0.00039770508	 29.555
0.59341699	 -0.00039727783	 29.67
0.59571553	 -0.00039611816	 29.785
0.59801407	 -0.00039550781	 29.9
0.60031261	 -0.00039428711	 30.015
0.60261115	 -0.00039227295	 30.13
0.6049097	 -0.00039221191	 30.245
0.60720824	 -0.00039141846	 30.36
0.60950678	 -0.00039050293	 30.475
0.61180532	 -0.00038916016	 30.59
0.61412141	 -0.00038824463	 30.705
0.61641995	 -0.00038708496	 30.82
0.61871849	 -0.00038616943	 30.935
0.62101703	 -0.00038543701	 31.05
0.62331557	 -0.00038452148	 31.165
0.62561411	 -0.00038037109	 31.28
0.62791266	 -0.00038262939	 31.395
0.6302112	 -0.00038000488	 31.51
0.63250974	 -0.00037866211	 31.625
0.63480828	 -0.00037780762	 31.74
0.63710682	 -0.0003760376	 31.855
0.63940536	 -0.00037493896	 31.97
0.6417039	 -0.00037371826	 32.085
0.64400245	 -0.00037255859	 32.2
0.64630099	 -0.00037194824	 32.315
0.64861707	 -0.00037017822	 32.43
0.65091562	 -0.00036895752	 32.545
0.65321416	 -0.00036737061	 32.66
0.6555127	 -0.00036572266	 32.775
0.65781124	 -0.00036395264	 32.89
0.66010978	 -0.00036291504	 33.005
0.66240832	 -0.00036126709	 33.12
0.66470686	 -0.00035986328	 33.235
0.6670054	 -0.00035864258	 33.35
0.66930395	 -0.00035650635	 33.465
0.67160249	 -0.00035296631	 33.58
0.67390103	 -0.00035418701	 33.695
0.67619957	 -0.00034924316	 33.81
0.67849811	 -0.00034991455	 33.925
0.6808142	 -0.00034820557	 34.04
0.68311274	 -0.00034625244	 34.155
0.68541128	 -0.00034552002	 34.27
0.68770982	 -0.00034350586	 34.385
0.69000836	 -0.00034179688	 34.5
0.69230691	 -0.00034075928	 34.615
0.69460545	 -0.00033874512	 34.73
0.69690399	 -0.00033477783	 34.845
0.69920253	 -0.00033361816	 34.96
0.70150107	 -0.00033233643	 35.075
0.70379961	 -0.00032910156	 35.19
0.70609815	 -0.00032794189	 35.305
0.7083967	 -0.00032623291	 35.42
0.71069524	 -0.00032348633	 35.535
0.71301132	 -0.00032159424	 35.65
0.71530987	 -0.00031994629	 35.765
0.71760841	 -0.00031896973	 35.88
0.71990695	 -0.00031671143	 35.995
0.72220549	 -0.0003147583	 36.11
0.72450403	 -0.00031195068	 36.225
0.72680257	 -0.00030975342	 36.34
0.72910111	 -0.00030700684	 36.455
0.73139966	 -0.00030462646	 36.57
0.7336982	 -0.0003026123	 36.685
0.73599674	 -0.00030078125	 36.8
0.73829528	 -0.00029833984	 36.915
0.74059382	 -0.00029571533	 37.03
0.74289236	 -0.0002911377	 37.145
0.7451909	 -0.00029071045	 37.26
0.74750699	 -0.00028747559	 37.375
0.74980553	 -0.0002855835	 37.49
0.75210407	 -0.00028131104	 37.605
0.75440262	 -0.00027966309	 37.72
0.75670116	 -0.00027667236	 37.835
0.7589997	 -0.00027453613	 37.95
0.76129824	 -0.00027203369	 38.065
0.76359678	 -0.00026922607	 38.18
0.76589532	 -0.00026660156	 38.295
0.76819386	 -0.00026300049	 38.41
0.7704924	 -0.00026013184	 38.525
0.77279095	 -0.00025750732	 38.64
0.77508949	 -0.00025439453	 38.755
0.77738803	 -0.00025128174	 38.87
0.77970412	 -0.00024835205	 38.985
0.78200266	 -0.00024438477	 39.1
0.7843012	 -0.00024194336	 39.215
0.78659974	 -0.00023852539	 39.33
0.78889828	 -0.00023553467	 39.445
0.79119682	 -0.00023126221	 39.56
0.79349536	 -0.00022857666	 39.675
0.79579391	 -0.00022564697	 39.79
0.79809245	 -0.000222229	 39.905
0.80039099	 -0.00021868896	 40.02
0.80268953	 -0.00021557617	 40.135
0.80498807	 -0.00021234131	 40.25
0.80728661	 -0.00020855713	 40.365
0.80958515	 -0.00020483398	 40.48
0.81190124	 -0.0002008667	 40.595
0.81419978	 -0.00019702148	 40.71
0.81649832	 -0.0001932373	 40.825
0.81879687	 -0.00018951416	 40.94
0.82109541	 -0.00018560791	 41.055
0.82339395	 -0.0001819458	 41.17
0.82569249	 -0.00017803955	 41.285
0.82799103	 -0.00017382813	 41.4
0.83028957	 -0.00017028809	 41.515
0.83258811	 -0.00016668701	 41.63
0.83488666	 -0.00016290283	 41.745
0.8371852	 -0.00015875244	 41.86
0.83948374	 -0.00015454102	 41.975
0.84178228	 -0.0001505127	 42.09
0.84408082	 -0.00014654541	 42.205
0.84639691	 -0.00014227295	 42.32
0.84869545	 -0.00013842773	 42.435
0.85099399	 -0.00013409424	 42.55
0.85329253	 -0.00013037109	 42.665
0.85559107	 -0.00012658691	 42.78
0.85788961	 -0.00012255859	 42.895
0.86018816	 -0.0001184082	 43.01
0.8624867	 -0.00011413574	 43.125
0.86478524	 -0.00011029053	 43.24
0.86708378	 -0.00010620117	 43.355
0.86938232	 -0.00010247803	 43.47
0.87168086	 -9.8693848e-005	 43.585
0.8739794	 -9.4842529e-005	 43.7
0.87627795	 -9.1125488e-005	 43.815
0.87859403	 -8.7371826e-005	 43.93
0.88089257	 -8.3636475e-005	 44.045
0.88319112	 -7.9852295e-005	 44.16
0.88548966	 -7.6055908e-005	 44.275
0.8877882	 -7.2436523e-005	 44.39
0.89008674	 -6.9073486e-005	 44.505
0.89238528	 -6.5563965e-005	 44.62
0.89468382	 -6.2200928e-005	 44.735
0.89698236	 -5.9063721e-005	 44.85
0.89928091	 -5.5841064e-005	 44.965
0.90157945	 -5.2978516e-005	 45.08
0.90387799	 -5.0146484e-005	 45.195
0.90617653	 -4.7161865e-005	 45.31
0.90847507	 -4.4140625e-005	 45.425
0.91077361	 -4.1314697e-005	 45.54
0.9130897	 -3.8616943e-005	 45.655
0.91538824	 -3.5986328e-005	 45.77
0.91768678	 -3.3563232e-005	 45.885
0.91998532	 -3.1195068e-005	 46
0.92228387	 -2.8753662e-005	 46.115
0.92458241	 -2.6867676e-005	 46.23
0.92688095	 -2.4951172e-005	 46.345
0.92917949	 -2.2949219e-005	 46.46
0.93147803	 -2.0947266e-005	 46.575
0.93377657	 -1.8865967e-005	 46.69
0.93607511	 -1.7211914e-005	 46.805
0.93837366	 -1.5539551e-005	 46.92
0.9406722	 -1.4013672e-005	 47.035
0.94297074	 -1.2609863e-005	 47.15
0.94528683	 -1.1096191e-005	 47.265
0.94758537	 -9.8388672e-006	 47.38
0.94988391	 -8.8671875e-006	 47.495
0.95218245	 -7.7618408e-006	 47.61
0.95448099	 -6.6149902e-006	 47.725
0.95677953	 -5.3869629e-006	 47.84
0.95907807	 -4.3475342e-006	 47.955
0.96137661	 -3.5559082e-006	 48.07
0.96367516	 -2.6184082e-006	 48.185
0.9659737	 -1.8066406e-006	 48.3
0.96827224	 -1.1669922e-006	 48.415
0.97057078	 -3.1433105e-007	 48.53
0.97286932	 5.3894043e-008	 48.645
0.97748395	 1.1195679e-006	 48.875
0.97978249	 1.8074341e-006	 48.99
0.98437957	 2.7459717e-006	 49.22
0.98667812	 3.2385254e-006	 49.335
0.98897666	 3.5931396e-006	 49.45
0.9912752	 3.8800049e-006	 49.565
0.99357374	 4.2907715e-006	 49.68
0.99587228	 4.4317627e-006	 49.795
0.99817082	 4.4250488e-006	 49.91
1.0004694	 4.7259521e-006	 50.025
1.0027679	 5.0811768e-006	 50.14
1.0050664	 5.4925537e-006	 50.255
1.007365	 5.6756592e-006	 50.37
1.0096635	 5.8837891e-006	 50.485
1.0119796	 6.1804199e-006	 50.6
1.0142782	 6.3018799e-006	 50.715
1.0165767	 6.4093018e-006	 50.83
1.0188752	 6.5264893e-006	 50.945
1.0211738	 6.4453125e-006	 51.06
1.0234723	 6.4648438e-006	 51.175
1.0257709	 6.6497803e-006	 51.29
1.0280694	 6.9848633e-006	 51.405
1.0303679	 7.1081543e-006	 51.52
1.0326665	 7.1704102e-006	 51.635
1.034965	 7.3138428e-006	 51.75
1.0372636	 7.3779297e-006	 51.865
1.0395621	 7.442627e-006	 51.98
1.0418607	 7.5708008e-006	 52.095
1.0441767	 7.5286865e-006	 52.21
1.0464753	 7.4597168e-006	 52.325
1.0487738	 7.5616455e-006	 52.44
1.0510724	 7.8253174e-006	 52.555
1.0533709	 8.0554199e-006	 52.67
1.0556694	 7.958374e-006	 52.785
1.057968	 8.1097412e-006	 52.9
1.0602665	 8.1164551e-006	 53.015
1.0625651	 8.1188965e-006	 53.13
1.0648636	 8.3081055e-006	 53.245
1.0671622	 8.1292725e-006	 53.36
1.0694607	 7.9943848e-006	 53.475
1.0717592	 8.0999756e-006	 53.59
1.0740578	 8.3776855e-006	 53.705
1.0763739	 8.6688232e-006	 53.82
1.0786724	 8.6590576e-006	 53.935
1.080971	 8.7908936e-006	 54.05
1.0832695	 8.7664795e-006	 54.165
1.085568	 8.8238525e-006	 54.28
1.0878666	 9.0014648e-006	 54.395
1.0901651	 8.7756348e-006	 54.51
1.0924637	 8.6755371e-006	 54.625
1.0947622	 8.7591553e-006	 54.74
1.0970607	 8.9587402e-006	 54.855
1.0993593	 9.1766357e-006	 54.97
1.1016578	 9.1503906e-006	 55.085
1.1039564	 9.2712402e-006	 55.2
1.1062549	 9.2907715e-006	 55.315
1.1085534	 9.342041e-006	 55.43
1.1108695	 9.6520996e-006	 55.545
1.1131681	 9.4689941e-006	 55.66
1.1154666	 9.3841553e-006	 55.775
1.1177652	 9.4372559e-006	 55.89
1.1200637	 9.675293e-006	 56.005
1.1223622	 9.8577881e-006	 56.12
1.1246608	 9.8681641e-006	 56.235
1.1269593	 9.9810791e-006	 56.35
1.1292579	 1.00177e-005	 56.465
1.1315564	 1.0037231e-005	 56.58
1.1338549	 1.0253906e-005	 56.695
1.1361535	 1.0063477e-005	 56.81
1.138452	 9.9816895e-006	 56.925
1.1407506	 1.0018311e-005	 57.04
1.1430667	 1.0426636e-005	 57.155
1.1453652	 1.0657959e-005	 57.27
1.1476637	 1.0663452e-005	 57.385
1.1499623	 1.0806274e-005	 57.5
1.1522608	 1.0858154e-005	 57.615
1.1545594	 1.0825195e-005	 57.73
1.1568579	 1.1103516e-005	 57.845
1.1591564	 1.0917969e-005	 57.96
1.161455	 1.0802612e-005	 58.075
1.1637535	 1.0876465e-005	 58.19
1.1660521	 1.112915e-005	 58.305
1.1683506	 1.1350708e-005	 58.42
1.1706492	 1.1438599e-005	 58.535
1.1729477	 1.1553345e-005	 58.65
1.1752638	 1.1776123e-005	 58.765
1.1775623	 1.180481e-005	 58.88
1.1798609	 1.2055054e-005	 58.995
1.1821594	 1.2001953e-005	 59.11
1.184458	 1.1846924e-005	 59.225
1.1867565	 1.1924438e-005	 59.34
1.189055	 1.2132568e-005	 59.455
1.1913536	 1.2441406e-005	 59.57
1.1936521	 1.2515869e-005	 59.685
1.1959507	 1.2667847e-005	 59.8
1.1982492	 1.2779541e-005	 59.915
1.1993371	 1.0082397e-005	 60.03
1.197021	 8.2501221e-006	 60.145
1.1947224	 7.0294189e-006	 60.26
1.1924239	 5.8612061e-006	 60.375
1.1901253	 5.1025391e-006	 60.49
1.1878268	 4.5574951e-006	 60.605
1.1855283	 4.2541504e-006	 60.72
1.1832297	 3.8024902e-006	 60.835
1.1809312	 3.40271e-006	 60.95
1.1786326	 3.0664063e-006	 61.065
1.1763341	 2.7148438e-006	 61.18
1.1740356	 2.4041748e-006	 61.295
1.171737	 2.1478271e-006	 61.41
1.1694385	 1.6900635e-006	 61.525
1.1671399	 1.3696289e-006	 61.64
1.1648414	 1.2384033e-006	 61.755
1.1625253	 1.1730957e-006	 61.87
1.1602268	 1.0351563e-006	 61.985
1.1579282	 8.2946777e-007	 62.1
1.1556297	 7.5775146e-007	 62.215
1.1533311	 6.0314941e-007	 62.33
1.1510326	 4.5715332e-007	 62.445
1.1487341	 4.7406006e-007	 62.56
1.1464355	 1.3305664e-007	 62.675
1.144137	 -7.5317383e-008	 62.79
1.1418384	 -7.9046631e-008	 62.905
1.1395399	 -5.3039551e-009	 63.02
1.1326443	 -2.0330811e-007	 63.365
1.1303282	 -4.1394043e-007	 63.48
1.1280296	 -5.1202393e-007	 63.595
1.1257311	 -4.239502e-007	 63.71
1.1234326	 -6.9512939e-007	 63.825
1.121134	 -8.7585449e-007	 63.94
1.1188355	 -9.3237305e-007	 64.055
1.1165369	 -7.8936768e-007	 64.17
1.1142384	 -7.6385498e-007	 64.285
1.1119398	 -8.2275391e-007	 64.4
1.1096413	 -8.2159424e-007	 64.515
1.1073428	 -8.8061523e-007	 64.63
1.1050442	 -9.4439697e-007	 64.745
1.1027457	 -8.2904053e-007	 64.86
1.1004471	 -1.0720215e-006	 64.975
1.0981311	 -1.3999023e-006	 65.09
1.0958325	 -1.4400635e-006	 65.205
1.093534	 -1.3520508e-006	 65.32
1.0912354	 -1.2315674e-006	 65.435
1.0889369	 -1.3284912e-006	 65.55
1.0866383	 -1.2836304e-006	 65.665
1.0843398	 -1.289978e-006	 65.78
1.0820413	 -1.4109497e-006	 65.895
1.0797427	 -1.2631836e-006	 66.01
1.0774442	 -1.4715576e-006	 66.125
1.0751456	 -1.6697388e-006	 66.24
1.0728471	 -1.7312622e-006	 66.355
1.0705486	 -1.666687e-006	 66.47
1.06825	 -1.5396729e-006	 66.585
1.0659515	 -1.6035767e-006	 66.7
1.0636354	 -1.6997681e-006	 66.815
1.0613368	 -1.7078857e-006	 66.93
1.0590383	 -1.8005371e-006	 67.045
1.0567398	 -1.7125244e-006	 67.16
1.0544412	 -1.822876e-006	 67.275
1.0521427	 -2.0697021e-006	 67.39
1.0498441	 -2.1380615e-006	 67.505
1.0475456	 -2.1154785e-006	 67.62
1.0452471	 -1.9561768e-006	 67.735
1.0429485	 -1.9665527e-006	 67.85
1.04065	 -1.9567871e-006	 67.965
1.0383514	 -1.987915e-006	 68.08
1.0360529	 -2.0611572e-006	 68.195
1.0337543	 -2.1081543e-006	 68.31
1.0314383	 -2.2210693e-006	 68.425
1.0291397	 -2.4572754e-006	 68.54
1.0268412	 -2.5732422e-006	 68.655
1.0245426	 -2.5628662e-006	 68.77
1.0222441	 -2.4420166e-006	 68.885
1.0199456	 -2.3980713e-006	 69
1.017647	 -2.4920654e-006	 69.115
1.0153485	 -2.487793e-006	 69.23
1.0130499	 -2.5384521e-006	 69.345
1.0107514	 -2.62146e-006	 69.46
1.0084528	 -2.5915527e-006	 69.575
1.0061543	 -2.7703857e-006	 69.69
1.0038558	 -2.9858398e-006	 69.805
1.0015572	 -3.0316162e-006	 69.92
0.99924114	 -3.001709e-006	 70.035
0.99694259	 -2.9650879e-006	 70.15
0.99464405	 -3.0743408e-006	 70.265
0.99234551	 -3.0822754e-006	 70.38
0.99004697	 -3.1982422e-006	 70.495
0.98774843	 -3.3154297e-006	 70.61
0.98544989	 -3.2537842e-006	 70.725
0.98315135	 -3.5296631e-006	 70.84
0.98085281	 -3.7731934e-006	 70.955
0.97855426	 -3.8226318e-006	 71.07
0.97625572	 -3.7823486e-006	 71.185
0.97395718	 -3.7597656e-006	 71.3
0.97165864	 -3.9447021e-006	 71.415
0.9693601	 -3.9697266e-006	 71.53
0.96706156	 -4.107666e-006	 71.645
0.96474547	 -4.3554688e-006	 71.76
0.96244693	 -4.4134521e-006	 71.875
0.96014839	 -4.7479248e-006	 71.99
0.95784985	 -5.0506592e-006	 72.105
0.9555513	 -5.234375e-006	 72.22
0.95325276	 -5.2734375e-006	 72.335
0.95095422	 -5.3448486e-006	 72.45
0.94865568	 -5.6311035e-006	 72.565
0.94635714	 -5.7824707e-006	 72.68
0.9440586	 -6.0119629e-006	 72.795
0.94176006	 -6.3293457e-006	 72.91
0.93946151	 -6.5045166e-006	 73.025
0.93716297	 -7.0233154e-006	 73.14
0.93486443	 -7.4707031e-006	 73.255
0.93254834	 -7.9492187e-006	 73.37
0.9302498	 -8.1982422e-006	 73.485
0.92795126	 -8.4973145e-006	 73.6
0.92565272	 -9.0124512e-006	 73.715
0.92335418	 -9.4464111e-006	 73.83
0.92105564	 -9.9591064e-006	 73.945
0.9187571	 -1.0637207e-005	 74.06
0.91645855	 -1.1102295e-005	 74.175
0.91416001	 -1.196167e-005	 74.29
0.91186147	 -1.282959e-005	 74.405
0.90956293	 -1.3637695e-005	 74.52
0.90726439	 -1.4317627e-005	 74.635
0.90496585	 -1.508728e-005	 74.75
0.90266731	 -1.6084595e-005	 74.865
0.90035122	 -1.7164917e-005	 74.98
0.89805268	 -1.8256836e-005	 75.095
0.89575414	 -1.9396973e-005	 75.21
0.89345559	 -2.052002e-005	 75.325
0.89115705	 -2.2064209e-005	 75.44
0.88885851	 -2.366333e-005	 75.555
0.88655997	 -2.5189209e-005	 75.67
0.88426143	 -2.6702881e-005	 75.785
0.88196289	 -2.8259277e-005	 75.9
0.87966435	 -3.0090332e-005	 76.015
0.87736581	 -3.1958008e-005	 76.13
0.87506726	 -3.3978271e-005	 76.245
0.87276872	 -3.6108398e-005	 76.36
0.87047018	 -3.8305664e-005	 76.475
0.86817164	 -4.0661621e-005	 76.59
0.86585555	 -4.3469238e-005	 76.705
0.86355701	 -4.6002197e-005	 76.82
0.86125847	 -4.8583984e-005	 76.935
0.85895993	 -5.1177979e-005	 77.05
0.85666139	 -5.4022217e-005	 77.165
0.85436285	 -5.6951904e-005	 77.28
0.8520643	 -6.003418e-005	 77.395
0.84976576	 -6.3287354e-005	 77.51
0.84746722	 -6.6497803e-005	 77.625
0.84516868	 -6.9830322e-005	 77.74
0.84287014	 -7.3425293e-005	 77.855
0.8405716	 -7.7032471e-005	 77.97
0.83827306	 -8.0493164e-005	 78.085
0.83597451	 -8.3911133e-005	 78.2
0.83365843	 -8.7640381e-005	 78.315
0.83135989	 -9.1394043e-005	 78.43
0.82906134	 -9.5178223e-005	 78.545
0.8267628	 -9.901123e-005	 78.66
0.82446426	 -0.00010301514	 78.775
0.82216572	 -0.00010675049	 78.89
0.81986718	 -0.00011087036	 79.005
0.81756864	 -0.00011489868	 79.12
0.8152701	 -0.00011900635	 79.235
0.81297155	 -0.00012299194	 79.35
0.81067301	 -0.00012665405	 79.465
0.80837447	 -0.00013060913	 79.58
0.80607593	 -0.00013452148	 79.695
0.80377739	 -0.00013858032	 79.81
0.80147885	 -0.00014259033	 79.925
0.79916276	 -0.00014647217	 80.04
0.79686422	 -0.00015039063	 80.155
0.79456568	 -0.00015445557	 80.27
0.79226714	 -0.00015841675	 80.385
0.78996859	 -0.00016213989	 80.5
0.78767005	 -0.00016583862	 80.615
0.78537151	 -0.00016964111	 80.73
0.78307297	 -0.00017336426	 80.845
0.78077443	 -0.00017717896	 80.96
0.77847589	 -0.00018080444	 81.075
0.77617735	 -0.00018424072	 81.19
0.77387881	 -0.00018798828	 81.305
0.77158026	 -0.00019158936	 81.42
0.76928172	 -0.0001953125	 81.535
0.76696564	 -0.00019873047	 81.65
0.76466709	 -0.00020196533	 81.765
0.76236855	 -0.0002053833	 81.88
0.76007001	 -0.00020861816	 81.995
0.75777147	 -0.00021191406	 82.11
0.75547293	 -0.00021502686	 82.225
0.75317439	 -0.00021813965	 82.34
0.75087585	 -0.00022137451	 82.455
0.7485773	 -0.00022485352	 82.57
0.74627876	 -0.00022814941	 82.685
0.74398022	 -0.00023114014	 82.8
0.74168168	 -0.00023382568	 82.915
0.73938314	 -0.0002364502	 83.03
0.7370846	 -0.0002387085	 83.145
0.73476851	 -0.00024188232	 83.26
0.73246997	 -0.00024511719	 83.375
0.73017143	 -0.00024743652	 83.49
0.72787289	 -0.00024975586	 83.605
0.72557434	 -0.00025305176	 83.72
0.7232758	 -0.00025610352	 83.835
0.72097726	 -0.00025836182	 83.95
0.71867872	 -0.00026123047	 84.065
0.71638018	 -0.00026342773	 84.18
0.71408164	 -0.00026617432	 84.295
0.7117831	 -0.00026672363	 84.41
0.70948455	 -0.00026940918	 84.525
0.70718601	 -0.00027355957	 84.64
0.70488747	 -0.00027496338	 84.755
0.70258893	 -0.00027740479	 84.87
0.70027284	 -0.00028033447	 84.985
0.6979743	 -0.00028308105	 85.1
0.69567576	 -0.00028485107	 85.215
0.69337722	 -0.00028796387	 85.33
0.69107868	 -0.00028967285	 85.445
0.68878014	 -0.00029162598	 85.56
0.6864816	 -0.00029321289	 85.675
0.68418305	 -0.00029510498	 85.79
0.68188451	 -0.00029724121	 85.905
0.67958597	 -0.00029937744	 86.02
0.67728743	 -0.00030126953	 86.135
0.67498889	 -0.00030389404	 86.25
0.67269035	 -0.00030596924	 86.365
0.67039181	 -0.00030651855	 86.48
0.66807572	 -0.0003092041	 86.595
0.66577718	 -0.00031158447	 86.71
0.66347864	 -0.00031304932	 86.825
0.66118009	 -0.00031536865	 86.94
0.65888155	 -0.0003168335	 87.055
0.65658301	 -0.00031842041	 87.17
0.65428447	 -0.00032037354	 87.285
0.65198593	 -0.00032214355	 87.4
0.64968739	 -0.00032458496	 87.515
0.64738885	 -0.00032550049	 87.63
0.6450903	 -0.0003270874	 87.745
0.64279176	 -0.00032885742	 87.86
0.64049322	 -0.00033044434	 87.975
0.63819468	 -0.00033203125	 88.09
0.63587859	 -0.00033410645	 88.205
0.63358005	 -0.00033575439	 88.32
0.63128151	 -0.0003369751	 88.435
0.62898297	 -0.00033874512	 88.55
0.62668443	 -0.000340271	 88.665
0.62438589	 -0.00034173584	 88.78
0.62208734	 -0.00034313965	 88.895
0.6197888	 -0.00034417725	 89.01
0.61749026	 -0.00034515381	 89.125
0.61519172	 -0.00034552002	 89.24
0.61289318	 -0.00034832764	 89.355
0.61059464	 -0.00034997559	 89.47
0.6082961	 -0.00035144043	 89.585
0.60599755	 -0.00035272217	 89.7
0.60369901	 -0.00035424805	 89.815
0.60138293	 -0.00035559082	 89.93
0.59908438	 -0.00035699463	 90.045
0.59678584	 -0.00035797119	 90.16
0.5944873	 -0.00035931396	 90.275
0.59218876	 -0.00035961914	 90.39
0.58989022	 -0.00036187744	 90.505
0.58759168	 -0.00036303711	 90.62
0.58529314	 -0.00036303711	 90.735
0.5829946	 -0.00036480713	 90.85
0.58069605	 -0.00036621094	 90.965
0.57839751	 -0.00036627197	 91.08
0.57609897	 -0.00036871338	 91.195
0.57380043	 -0.00036938477	 91.31
0.57150189	 -0.0003706665	 91.425
0.5691858	 -0.00037231445	 91.54
0.56688726	 -0.00037322998	 91.655
0.56458872	 -0.00037432861	 91.77
0.56229018	 -0.00037518311	 91.885
0.55999164	 -0.00037597656	 92
0.55769309	 -0.00037805176	 92.115
0.55539455	 -0.00037854004	 92.23
0.55309601	 -0.00037939453	 92.345
0.55079747	 -0.00038092041	 92.46
0.54849893	 -0.0003815918	 92.575
0.54620039	 -0.00038006592	 92.69
0.54390185	 -0.00038275146	 92.805
0.5416033	 -0.00038409424	 92.92
0.53930476	 -0.00038623047	 93.035
0.53698868	 -0.0003862915	 93.15
0.53469013	 -0.00038684082	 93.265
0.53239159	 -0.00038769531	 93.38
0.53009305	 -0.00038818359	 93.495
0.52779451	 -0.00038885498	 93.61
0.52549597	 -0.00038952637	 93.725
0.52319743	 -0.00039074707	 93.84
0.52089889	 -0.00039129639	 93.955
0.51860034	 -0.00039337158	 94.07
0.5163018	 -0.00039306641	 94.185
0.51400326	 -0.00039318848	 94.3
0.51170472	 -0.00039398193	 94.415
0.50940618	 -0.00039489746	 94.53
0.50710764	 -0.00039654541	 94.645
0.5048091	 -0.00039599609	 94.76
0.50249301	 -0.0003972168	 94.875
0.50019447	 -0.00039770508	 94.99
0.49789593	 -0.00039862061	 95.105
0.49559738	 -0.00039953613	 95.22
0.49329884	 -0.00039910889	 95.335
0.4910003	 -0.00040081787	 95.45
0.48870176	 -0.00040118408	 95.565
0.48640322	 -0.00040179443	 95.68
0.48410468	 -0.00040222168	 95.795
0.48180614	 -0.00040338135	 95.91
0.4795076	 -0.00040356445	 96.025
0.47720905	 -0.00040588379	 96.14
0.47491051	 -0.0004039917	 96.255
0.47261197	 -0.00040423584	 96.37
0.47029588	 -0.00040606689	 96.485
0.46799734	 -0.00040686035	 96.6
0.4656988	 -0.00040710449	 96.715
0.46340026	 -0.00040820312	 96.83
0.46110172	 -0.00041033936	 96.945
0.45880318	 -0.00040979004	 97.06
0.45650464	 -0.00040783691	 97.175
0.45420609	 -0.00041082764	 97.29
0.45190755	 -0.00041174316	 97.405
0.44960901	 -0.0004118042	 97.52
0.44731047	 -0.00041265869	 97.635
0.44501193	 -0.0004128418	 97.75
0.44271339	 -0.00041320801	 97.865
0.44041485	 -0.00041290283	 97.98
0.43809876	 -0.00041479492	 98.095
0.43580022	 -0.00041540527	 98.21
0.43350168	 -0.00041564941	 98.325
0.43120313	 -0.00041638184	 98.44
0.42890459	 -0.00041687012	 98.555
0.42660605	 -0.00041729736	 98.67
0.42430751	 -0.00041796875	 98.785
0.42200897	 -0.00041894531	 98.9
0.41971043	 -0.00041912842	 99.015
0.41741189	 -0.00041931152	 99.13
0.41511334	 -0.00042016602	 99.245
0.4128148	 -0.00041992187	 99.36
0.41051626	 -0.00042114258	 99.475
0.40821772	 -0.00042108154	 99.59
0.40591918	 -0.000421875	 99.705
0.40360309	 -0.00042352295	 99.82
0.40130455	 -0.00042218018	 99.935
0.39900601	 -0.00042364502	 100.05
0.39670747	 -0.00042431641	 100.165
0.39440893	 -0.00042462158	 100.28
0.39211039	 -0.000425354	 100.395
0.38981184	 -0.00042565918	 100.51
0.3875133	 -0.00042608643	 100.625
0.38521476	 -0.00042492676	 100.74
0.38291622	 -0.0004262085	 100.855
0.38061768	 -0.00042694092	 100.97
0.37831914	 -0.00042718506	 101.085
0.3760206	 -0.00042858887	 101.2
0.37372205	 -0.00042950439	 101.315
0.37140597	 -0.00042871094	 101.43
0.36910743	 -0.00042730713	 101.545
0.36680888	 -0.00042987061	 101.66
0.36451034	 -0.00042999268	 101.775
0.3622118	 -0.00042980957	 101.89
0.35991326	 -0.00043103027	 102.005
0.35761472	 -0.00043212891	 102.12
0.35531618	 -0.00043206787	 102.235
0.35301764	 -0.00043371582	 102.35
0.35071909	 -0.00043292236	 102.465
0.34842055	 -0.00043139648	 102.58
0.34612201	 -0.00043334961	 102.695
0.34382347	 -0.00043438721	 102.81
0.34152493	 -0.0004352417	 102.925
0.33922639	 -0.00043579102	 103.04
0.3369103	 -0.00043566895	 103.155
0.33461176	 -0.00043530273	 103.27
0.33231322	 -0.00043634033	 103.385
0.33001468	 -0.00043658447	 103.5
0.32771613	 -0.00043658447	 103.615
0.32541759	 -0.00043634033	 103.73
0.32311905	 -0.00043695068	 103.845
0.32082051	 -0.00043811035	 103.96
0.31852197	 -0.00043817139	 104.075
0.31622343	 -0.00044085693	 104.19
0.31392489	 -0.00044238281	 104.305
0.31162634	 -0.00043902588	 104.42
0.3093278	 -0.00043951416	 104.535
0.30702926	 -0.00043768311	 104.65
0.30471317	 -0.00043841553	 104.765
0.30241463	 -0.00043914795	 104.88
0.30011609	 -0.00044006348	 104.995
0.29781755	 -0.00044036865	 105.11
0.29551901	 -0.000440979	 105.225
0.29322047	 -0.00044207764	 105.34
0.29092193	 -0.00044207764	 105.455
0.28862339	 -0.00044116211	 105.57
0.28632484	 -0.00043719482	 105.685
0.2840263	 -0.00044122314	 105.8
0.28172776	 -0.00044390869	 105.915
0.27942922	 -0.00044073486	 106.03
0.27713068	 -0.00044268799	 106.145
0.27483214	 -0.00044268799	 106.26
0.27251605	 -0.00044342041	 106.375
0.27021751	 -0.0004430542	 106.49
0.26791897	 -0.00044415283	 106.605
0.26562043	 -0.00044421387	 106.72
0.26332188	 -0.00044378662	 106.835
0.26102334	 -0.00044433594	 106.95
0.2587248	 -0.00044238281	 107.065
0.25642626	 -0.00044464111	 107.18
0.25412772	 -0.00044622803	 107.295
0.25182918	 -0.00044433594	 107.41
0.24953064	 -0.00044598389	 107.525
0.24723209	 -0.00044549561	 107.64
0.24493355	 -0.00044537354	 107.755
0.24263501	 -0.00044555664	 107.87
0.24033647	 -0.00044525146	 107.985
0.23802038	 -0.00044519043	 108.1
0.23572184	 -0.00044299316	 108.215
0.2334233	 -0.00044506836	 108.33
0.23112476	 -0.00044488525	 108.445
0.22882622	 -0.00044488525	 108.56
0.22652768	 -0.00044494629	 108.675
0.22422913	 -0.00044525146	 108.79
0.22193059	 -0.00044500732	 108.905
0.21963205	 -0.00044519043	 109.02
0.21733351	 -0.00044512939	 109.135
0.21503497	 -0.00044403076	 109.25
0.21273643	 -0.00044433594	 109.365
0.21043789	 -0.00044378662	 109.48
0.20813935	 -0.0004440918	 109.595
0.20582326	 -0.00044555664	 109.71
0.20352472	 -0.00044525146	 109.825
0.20122617	 -0.00044482422	 109.94
0.19892763	 -0.0004453125	 110.055
0.19662909	 -0.00044549561	 110.17
0.19433055	 -0.00044525146	 110.285
0.19203201	 -0.00044403076	 110.4
0.18973347	 -0.00044445801	 110.515
0.18743493	 -0.00044451904	 110.63
0.18513639	 -0.00044238281	 110.745
0.18283784	 -0.00044360352	 110.86
0.1805393	 -0.0004440918	 110.975
0.17824076	 -0.00044396973	 111.09
0.17594222	 -0.00044439697	 111.205
0.17362613	 -0.00044561768	 111.32
0.17132759	 -0.00044458008	 111.435
0.16902905	 -0.00044525146	 111.55
0.16673051	 -0.00044537354	 111.665
0.16443197	 -0.00044451904	 111.78
0.16213343	 -0.00044403076	 111.895
0.15983488	 -0.00044476318	 112.01
0.15753634	 -0.00044921875	 112.125
0.1552378	 -0.00044616699	 112.24
0.15293926	 -0.00044335938	 112.355
0.15064072	 -0.00044378662	 112.47
0.14834218	 -0.0004442749	 112.585
0.14604364	 -0.00044482422	 112.7
0.14374509	 -0.00044458008	 112.815
0.14144655	 -0.00044421387	 112.93
0.13913047	 -0.00044464111	 113.045
0.13683192	 -0.00044451904	 113.16
0.13453338	 -0.00044555664	 113.275
0.13223484	 -0.00044573975	 113.39
0.1299363	 -0.00044561768	 113.505
0.12763776	 -0.00044598389	 113.62
0.12533922	 -0.00044555664	 113.735
0.12304068	 -0.00044610596	 113.85
0.12074213	 -0.00044567871	 113.965
0.11844359	 -0.00044628906	 114.08
0.11614505	 -0.00044439697	 114.195
0.11384651	 -0.0004453125	 114.31
0.11154797	 -0.00044451904	 114.425
0.10924943	 -0.00044488525	 114.54
0.10693334	 -0.0004453125	 114.655
0.1046348	 -0.00044512939	 114.77
0.10233626	 -0.00044622803	 114.885
0.10003772	 -0.00044610596	 115
0.097756721	 -0.00044543457	 0
0.09545818	 -0.00044506836	 0.11500013
0.093159638	 -0.00044451904	 0.23000026
0.090861097	 -0.00044415283	 0.34499976
0.088545009	 -0.00044451904	 0.45999989
0.086246468	 -0.00044329834	 0.57500002
0.083947927	 -0.00044256592	 0.69000016
0.081649385	 -0.00044177246	 0.80500029
0.079350844	 -0.00044195557	 0.91999979
0.077052303	 -0.00044268799	 1.0349999
0.074753761	 -0.0004407959	 1.15
0.07245522	 -0.00044030762	 1.2650002
0.070156679	 -0.00044036865	 1.3800003
0.067858137	 -0.00044055176	 1.4949998
0.065559596	 -0.00043859863	 1.6099999
0.063261054	 -0.00043823242	 1.7250001
0.060962513	 -0.00043743896	 1.8400002
0.058663972	 -0.0004362793	 1.9549997
0.05636543	 -0.00043548584	 2.0699998
0.054049343	 -0.00043426514	 2.185
0.051750802	 -0.00043292236	 2.3000001
0.050662942	 -0.00042590332	 2.4150002
0.05297903	 -0.00042272949	 2.5299997
0.055277571	 -0.00042193604	 2.6449999
0.057576112	 -0.00042230225	 2.76
0.059874654	 -0.00042364502	 2.8750001
0.062173195	 -0.00042358398	 2.9900003
0.064471737	 -0.00042431641	 3.1049998
0.066770278	 -0.00042498779	 3.2199999
0.069068819	 -0.00042645264	 3.335
0.071367361	 -0.00042706299	 3.4500001
0.073665902	 -0.00042730713	 3.5650003
0.075964443	 -0.00042755127	 3.6799998
0.078262985	 -0.0004284668	 3.7949999
0.080561526	 -0.00042871094	 3.91
0.082860067	 -0.00042944336	 4.0250002
0.085158609	 -0.00043066406	 4.1400003
0.087474696	 -0.00043115234	 4.2549998
0.089773238	 -0.00043164063	 4.3699999
0.092071779	 -0.00043164063	 4.4850001
0.09437032	 -0.00043188477	 4.6000002
0.096668862	 -0.00043292236	 4.7150003
0.098967403	 -0.00043341064	 4.8299998
0.10126594	 -0.000434021	 4.945
0.10356449	 -0.00043426514	 5.0600001
0.10586303	 -0.00043457031	 5.1750002
0.10816157	 -0.00043493652	 5.2899997
0.11046011	 -0.00043530273	 5.4049999
0.11275865	 -0.00043579102	 5.52
0.11505719	 -0.00043652344	 5.6350001
0.11735573	 -0.00043664551	 5.7500002
0.11967182	 -0.00043725586	 5.8649997
0.12197036	 -0.00043731689	 5.9799999
0.1242689	 -0.00043658447	 6.095
0.12656745	 -0.00043634033	 6.2100001
0.12886599	 -0.00043695068	 6.3250003
0.13116453	 -0.00043756104	 6.4399998
0.13346307	 -0.00043811035	 6.5549999
0.13576161	 -0.00043823242	 6.67
0.13806015	 -0.00043841553	 6.7850002
0.14035869	 -0.00043908691	 6.9000003
0.14265724	 -0.00043951416	 7.0149998
0.14495578	 -0.00043920898	 7.1299999
0.14725432	 -0.00044012451	 7.2450001
0.14955286	 -0.0004407959	 7.3600002
0.15186895	 -0.00044030762	 7.4750003
0.15416749	 -0.00044012451	 7.5899998
0.15646603	 -0.00044055176	 7.7049999
0.15876457	 -0.00044091797	 7.8200001
0.16106311	 -0.00044110107	 7.9350002
0.16336165	 -0.00044122314	 8.0499997
0.1656602	 -0.00044226074	 8.1649998
0.16795874	 -0.00044189453	 8.28
0.17025728	 -0.00044207764	 8.3950001
0.17255582	 -0.00044299316	 8.5100002
0.17485436	 -0.00044329834	 8.6249997
0.1771529	 -0.00044360352	 8.7399999
0.17945144	 -0.00044378662	 8.855
0.18174998	 -0.00044372559	 8.9700001
0.18404853	 -0.00044439697	 9.0850003
0.18636461	 -0.00044451904	 9.1999998
0.18866315	 -0.00044696045	 9.3149999
0.1909617	 -0.00044604492	 9.43
0.19326024	 -0.00044561768	 9.5450002
0.19555878	 -0.00044512939	 9.6600003
0.19785732	 -0.00044543457	 9.7749998
0.20015586	 -0.00044586182	 9.8899999
0.2024544	 -0.00044665527	 10.005
0.20475294	 -0.00044750977	 10.12
0.20705149	 -0.0004473877	 10.235
0.20935003	 -0.00044769287	 10.35
0.21164857	 -0.00044854736	 10.465
0.21394711	 -0.00044836426	 10.58
0.21624565	 -0.00044891357	 10.695
0.21856174	 -0.00044915771	 10.81
0.22086028	 -0.00045050049	 10.925
0.22315882	 -0.00044995117	 11.04
0.22545736	 -0.00045025635	 11.155
0.2277559	 -0.00045117188	 11.27
0.23005445	 -0.0004498291	 11.385
0.23235299	 -0.00045025635	 11.5
0.23465153	 -0.00045080566	 11.615
0.23695007	 -0.00045062256	 11.73
0.23924861	 -0.00045025635	 11.845
0.24154715	 -0.00045147705	 11.96
0.24384569	 -0.00045135498	 12.075
0.24614424	 -0.00045220947	 12.19
0.24844278	 -0.00045275879	 12.305
0.25075886	 -0.00045202637	 12.42
0.25305741	 -0.00045318604	 12.535
0.25535595	 -0.00045330811	 12.65
0.25765449	 -0.00045294189	 12.765
0.25995303	 -0.00045288086	 12.88
0.26225157	 -0.00045324707	 12.995
0.26455011	 -0.00045275879	 13.11
0.26684865	 -0.00045263672	 13.225
0.26914719	 -0.00045275879	 13.34
0.27144574	 -0.00045245361	 13.455
0.27374428	 -0.00045306396	 13.57
0.27604282	 -0.00045306396	 13.685
0.27834136	 -0.00045410156	 13.8
0.2806399	 -0.00045428467	 13.915
0.28293844	 -0.00045318604	 14.03
0.28525453	 -0.00045281982	 14.145
0.28755307	 -0.00045251465	 14.26
0.28985161	 -0.00045263672	 14.375
0.29215015	 -0.00045294189	 14.49
0.2944487	 -0.00045245361	 14.605
0.29674724	 -0.0004519043	 14.72
0.29904578	 -0.00045251465	 14.835
0.30134432	 -0.00045257568	 14.95
0.30364286	 -0.00045233154	 15.065
0.3059414	 -0.00045257568	 15.18
0.30823994	 -0.00045251465	 15.295
0.31053849	 -0.00045184326	 15.41
0.31283703	 -0.00045092773	 15.525
0.31513557	 -0.00045062256	 15.64
0.31745166	 -0.00045147705	 15.755
0.3197502	 -0.0004508667	 15.87
0.32204874	 -0.00045074463	 15.985
0.32434728	 -0.00045037842	 16.1
0.32664582	 -0.00045062256	 16.215
0.32894436	 -0.00045007324	 16.33
0.3312429	 -0.00044952393	 16.445
0.33354145	 -0.0004487915	 16.56
0.33583999	 -0.00044866943	 16.675
0.33813853	 -0.00044891357	 16.79
0.34043707	 -0.00044885254	 16.905
0.34273561	 -0.00044732666	 17.02
0.34503415	 -0.00044702148	 17.135
0.34733269	 -0.00044787598	 17.25
0.34964878	 -0.00044750977	 17.365
0.35194732	 -0.00044714355	 17.48
0.35424586	 -0.00044641113	 17.595
0.35654441	 -0.00044567871	 17.71
0.35884295	 -0.00044641113	 17.825
0.36114149	 -0.00044525146	 17.94
0.36344003	 -0.00044482422	 18.055
0.36573857	 -0.00044506836	 18.17
0.36803711	 -0.00044421387	 18.285
0.37033565	 -0.00044415283	 18.4
0.37263419	 -0.00044366455	 18.515
0.37493274	 -0.00044329834	 18.63
0.37723128	 -0.0004420166	 18.745
0.37952982	 -0.00044268799	 18.86
0.38182836	 -0.00044342041	 18.975
0.38414445	 -0.000440979	 19.09
0.38644299	 -0.00043981934	 19.205
0.38874153	 -0.0004397583	 19.32
0.39104007	 -0.00043939209	 19.435
0.39333861	 -0.00043951416	 19.55
0.39563715	 -0.00043945313	 19.665
0.3979357	 -0.00043884277	 19.78
0.40023424	 -0.00043731689	 19.895
0.40253278	 -0.00043670654	 20.01
0.40483132	 -0.00043701172	 20.125
0.40712986	 -0.0004362793	 20.24
0.4094284	 -0.00043597412	 20.355
0.41172694	 -0.00043548584	 20.47
0.41402549	 -0.00043426514	 20.585
0.41634157	 -0.00043438721	 20.7
0.41864011	 -0.00043414307	 20.815
0.42093866	 -0.00043371582	 20.93
0.4232372	 -0.00043334961	 21.045
0.42553574	 -0.00043225098	 21.16
0.42783428	 -0.00043255615	 21.275
0.43013282	 -0.0004317627	 21.39
0.43243136	 -0.00043182373	 21.505
0.4347299	 -0.00043121338	 21.62
0.43702845	 -0.00043139648	 21.735
0.43932699	 -0.00043029785	 21.85
0.44162553	 -0.00042974854	 21.965
0.44392407	 -0.00042883301	 22.08
0.44622261	 -0.00042858887	 22.195
0.44852115	 -0.00042791748	 22.31
0.45083724	 -0.00042718506	 22.425
0.45313578	 -0.0004276123	 22.54
0.45543432	 -0.00042694092	 22.655
0.45773286	 -0.00042584229	 22.77
0.46003141	 -0.00042523193	 22.885
0.46232995	 -0.000425354	 23
0.46462849	 -0.00042431641	 23.115
0.46692703	 -0.00042340088	 23.23
0.46922557	 -0.00042248535	 23.345
0.47152411	 -0.00042218018	 23.46
0.47382265	 -0.00042224121	 23.575
0.47612119	 -0.000421875	 23.69
0.47841974	 -0.00042144775	 23.805
0.48071828	 -0.00042028809	 23.92
0.48303436	 -0.00041949463	 24.035
0.48533291	 -0.00041888428	 24.15
0.48763145	 -0.00041876221	 24.265
0.48992999	 -0.00041802979	 24.38
0.49222853	 -0.00041723633	 24.495
0.49452707	 -0.00041687012	 24.61
0.49682561	 -0.00041552734	 24.725
0.49912415	 -0.00041577148	 24.84
0.5014227	 -0.00041534424	 24.955
0.50372124	 -0.0004151001	 25.07
0.50601978	 -0.00041430664	 25.185
0.50831832	 -0.00041387939	 25.3
0.51061686	 -0.00041296387	 25.415
0.5129154	 -0.00041137695	 25.53
0.51523149	 -0.00041082764	 25.645
0.51753003	 -0.0004105835	 25.76
0.51982857	 -0.000409729	 25.875
0.52212711	 -0.00040893555	 25.99
0.52442566	 -0.00040936279	 26.105
0.5267242	 -0.0004083252	 26.22
0.52902274	 -0.00040783691	 26.335
0.53132128	 -0.00040704346	 26.45
0.53361982	 -0.00040588379	 26.565
0.53591836	 -0.00040563965	 26.68
0.5382169	 -0.00040533447	 26.795
0.54051545	 -0.0004052124	 26.91
0.54281399	 -0.00040423584	 27.025
0.54511253	 -0.00040252686	 27.14
0.54741107	 -0.00040161133	 27.255
0.54972716	 -0.00040106201	 27.37
0.5520257	 -0.00040118408	 27.485
0.55432424	 -0.00040039062	 27.6
0.55662278	 -0.00039880371	 27.715
0.55892132	 -0.0003984375	 27.83
0.56121986	 -0.00039733887	 27.945
0.5635184	 -0.00039758301	 28.06
0.56581695	 -0.00039599609	 28.175
0.56811549	 -0.00039440918	 28.29
0.57041403	 -0.00039465332	 28.405
0.57271257	 -0.00039373779	 28.52
0.57501111	 -0.00039233398	 28.635
0.57730965	 -0.00039178467	 28.75
0.57960819	 -0.00039068604	 28.865
0.58192428	 -0.0003894043	 28.98
0.58422282	 -0.00038873291	 29.095
0.58652136	 -0.0003885498	 29.21
0.58881991	 -0.00038659668	 29.325
0.59111845	 -0.00038616943	 29.44
0.59341699	 -0.00038446045	 29.555
0.59571553	 -0.00038427734	 29.67
0.59801407	 -0.00038421631	 29.785
0.60031261	 -0.00038372803	 29.9
0.60261115	 -0.00038275146	 30.015
0.6049097	 -0.00038067627	 30.13
0.60720824	 -0.00037902832	 30.245
0.60950678	 -0.0003782959	 30.36
0.61180532	 -0.0003772583	 30.475
0.61412141	 -0.00037591553	 30.59
0.61641995	 -0.00037493896	 30.705
0.61871849	 -0.00037420654	 30.82
0.62101703	 -0.00037353516	 30.935
0.62331557	 -0.00037219238	 31.05
0.62561411	 -0.00037072754	 31.165
0.62791266	 -0.0003694458	 31.28
0.6302112	 -0.00036712646	 31.395
0.63250974	 -0.00036669922	 31.51
0.63480828	 -0.00036584473	 31.625
0.63710682	 -0.00036468506	 31.74
0.63940536	 -0.00036260986	 31.855
0.6417039	 -0.00036035156	 31.97
0.64400245	 -0.00035974121	 32.085
0.64630099	 -0.00035882568	 32.2
0.64861707	 -0.00035754395	 32.315
0.65091562	 -0.00035644531	 32.43
0.65321416	 -0.00035369873	 32.545
0.6555127	 -0.00035235596	 32.66
0.65781124	 -0.00035137939	 32.775
0.66010978	 -0.00035028076	 32.89
0.66240832	 -0.00034899902	 33.005
0.66470686	 -0.00034741211	 33.12
0.6670054	 -0.00034515381	 33.235
0.66930395	 -0.00034405518	 33.35
0.67160249	 -0.00034320068	 33.465
0.67390103	 -0.00034100342	 33.58
0.67619957	 -0.00033929443	 33.695
0.67849811	 -0.00033795166	 33.81
0.6808142	 -0.00033587646	 33.925
0.68311274	 -0.00033410645	 34.04
0.68541128	 -0.00033270264	 34.155
0.68770982	 -0.0003314209	 34.27
0.69000836	 -0.00032940674	 34.385
0.69230691	 -0.00032806396	 34.5
0.69460545	 -0.00032666016	 34.615
0.69690399	 -0.00032342529	 34.73
0.69920253	 -0.00032220459	 34.845
0.70150107	 -0.00031994629	 34.96
0.70379961	 -0.00031768799	 35.075
0.70609815	 -0.0003157959	 35.19
0.7083967	 -0.00031445313	 35.305
0.71069524	 -0.00031231689	 35.42
0.71301132	 -0.00031018066	 35.535
0.71530987	 -0.00030889893	 35.65
0.71760841	 -0.0003067627	 35.765
0.71990695	 -0.00030462646	 35.88
0.72220549	 -0.00030175781	 35.995
0.72450403	 -0.00029949951	 36.11
0.72680257	 -0.00029705811	 36.225
0.72910111	 -0.00029504395	 36.34
0.73139966	 -0.00029272461	 36.455
0.7336982	 -0.0002901001	 36.57
0.73599674	 -0.00028759766	 36.685
0.73829528	 -0.00028588867	 36.8
0.74059382	 -0.00028405762	 36.915
0.74289236	 -0.00028057861	 37.03
0.7451909	 -0.00027722168	 37.145
0.74750699	 -0.00027526855	 37.26
0.74980553	 -0.00027325439	 37.375
0.75210407	 -0.00027124023	 37.49
0.75440262	 -0.00026843262	 37.605
0.75670116	 -0.00026574707	 37.72
0.7589997	 -0.00026330566	 37.835
0.76129824	 -0.00026062012	 37.95
0.76359678	 -0.00025811768	 38.065
0.76589532	 -0.00025524902	 38.18
0.76819386	 -0.00025219727	 38.295
0.7704924	 -0.00024926758	 38.41
0.77279095	 -0.00024609375	 38.525
0.77508949	 -0.00024359131	 38.64
0.77738803	 -0.00024023438	 38.755
0.77970412	 -0.00023730469	 38.87
0.78200266	 -0.00023492432	 38.985
0.7843012	 -0.00023193359	 39.1
0.78659974	 -0.00022857666	 39.215
0.78889828	 -0.00022515869	 39.33
0.79119682	 -0.00022253418	 39.445
0.79349536	 -0.00021929932	 39.56
0.79579391	 -0.0002154541	 39.675
0.79809245	 -0.00021258545	 39.79
0.80039099	 -0.00020892334	 39.905
0.80268953	 -0.00020587158	 40.02
0.80498807	 -0.00020263672	 40.135
0.80728661	 -0.00019927979	 40.25
0.80958515	 -0.00019561768	 40.365
0.81190124	 -0.00019177246	 40.48
0.81419978	 -0.00018817139	 40.595
0.81649832	 -0.00018475342	 40.71
0.81879687	 -0.00018109131	 40.825
0.82109541	 -0.0001776123	 40.94
0.82339395	 -0.00017407227	 41.055
0.82569249	 -0.00017071533	 41.17
0.82799103	 -0.00016741943	 41.285
0.83028957	 -0.00016375732	 41.4
0.83258811	 -0.00015979004	 41.515
0.83488666	 -0.00015582275	 41.63
0.8371852	 -0.00015222168	 41.745
0.83948374	 -0.00014849854	 41.86
0.84178228	 -0.00014447021	 41.975
0.84408082	 -0.00014044189	 42.09
0.84639691	 -0.00013647461	 42.205
0.84869545	 -0.00013311768	 42.32
0.85099399	 -0.00012927246	 42.435
0.85329253	 -0.00012542725	 42.55
0.85559107	 -0.00012133789	 42.665
0.85788961	 -0.00011749268	 42.78
0.86018816	 -0.0001137085	 42.895
0.8624867	 -0.00011016846	 43.01
0.86478524	 -0.00010644531	 43.125
0.86708378	 -0.0001026001	 43.24
0.86938232	 -9.8449707e-005	 43.355
0.87168086	 -9.5269775e-005	 43.47
0.8739794	 -9.1888428e-005	 43.585
0.87627795	 -8.8323975e-005	 43.7
0.87859403	 -8.4344482e-005	 43.815
0.88089257	 -8.0584717e-005	 43.93
0.88319112	 -7.7246094e-005	 44.045
0.88548966	 -7.3693848e-005	 44.16
0.8877882	 -7.0373535e-005	 44.275
0.89008674	 -6.7236328e-005	 44.39
0.89238528	 -6.3818359e-005	 44.505
0.89468382	 -6.0864258e-005	 44.62
0.89698236	 -5.793457e-005	 44.735
0.89928091	 -5.4858398e-005	 44.85
0.90157945	 -5.1696777e-005	 44.965
0.90387799	 -4.8742676e-005	 45.08
0.90617653	 -4.5880127e-005	 45.195
0.90847507	 -4.3157959e-005	 45.31
0.91077361	 -4.0490723e-005	 45.425
0.9130897	 -3.7792969e-005	 45.54
0.91538824	 -3.5302734e-005	 45.655
0.91768678	 -3.31604e-005	 45.77
0.91998532	 -3.0969238e-005	 45.885
0.92228387	 -2.8643799e-005	 46
0.92458241	 -2.6239014e-005	 46.115
0.92688095	 -2.421875e-005	 46.23
0.92917949	 -2.2259521e-005	 46.345
0.93147803	 -2.0349121e-005	 46.46
0.93377657	 -1.8676758e-005	 46.575
0.93607511	 -1.6894531e-005	 46.69
0.93837366	 -1.5454102e-005	 46.805
0.9406722	 -1.4160156e-005	 46.92
0.94297074	 -1.2719727e-005	 47.035
0.94528683	 -1.1090088e-005	 47.15
0.94758537	 -9.588623e-006	 47.265
0.94988391	 -8.4429932e-006	 47.38
0.95218245	 -7.2216797e-006	 47.495
0.95448099	 -6.1810303e-006	 47.61
0.95677953	 -5.1959229e-006	 47.725
0.95907807	 -4.1424561e-006	 47.84
0.96137661	 -3.4838867e-006	 47.955
0.96367516	 -2.8009033e-006	 48.07
0.9659737	 -1.9793701e-006	 48.185
0.96827224	 -1.1322021e-006	 48.3
0.97057078	 -2.8259277e-007	 48.415
0.97286932	 2.5811768e-007	 48.53
0.97516786	 9.7302246e-007	 48.645
0.97748395	 1.6008301e-006	 48.76
0.97978249	 2e-006	 48.875
0.98208103	 2.6568604e-006	 48.99
0.98437957	 2.8131104e-006	 49.105
0.98667812	 3.0743408e-006	 49.22
0.98897666	 3.4692383e-006	 49.335
0.9912752	 3.9758301e-006	 49.45
0.99357374	 4.4342041e-006	 49.565
0.99587228	 4.6923828e-006	 49.68
0.99817082	 5.0695801e-006	 49.795
1.0004694	 5.2606201e-006	 49.91
1.0027679	 5.4278564e-006	 50.025
1.0050664	 5.7794189e-006	 50.14
1.007365	 5.7287598e-006	 50.255
1.0096635	 5.737915e-006	 50.37
1.0119796	 6.0681152e-006	 50.485
1.0142782	 6.4221191e-006	 50.6
1.0165767	 6.6973877e-006	 50.715
1.0188752	 6.7596436e-006	 50.83
1.0211738	 6.9952393e-006	 50.945
1.0234723	 7.0587158e-006	 51.06
1.0257709	 7.1362305e-006	 51.175
1.0280694	 7.3883057e-006	 51.29
1.0303679	 7.2167969e-006	 51.405
1.0326665	 7.1392822e-006	 51.52
1.034965	 7.2528076e-006	 51.635
1.0372636	 7.4920654e-006	 51.75
1.0395621	 7.7307129e-006	 51.865
1.0418607	 7.7380371e-006	 51.98
1.0441767	 8.001709e-006	 52.095
1.0464753	 8.0505371e-006	 52.21
1.0487738	 8.0657959e-006	 52.325
1.0510724	 8.2885742e-006	 52.44
1.0533709	 8.1433105e-006	 52.555
1.0556694	 7.9437256e-006	 52.67
1.057968	 8.0133057e-006	 52.785
1.0602665	 8.2043457e-006	 52.9
1.0625651	 8.4375e-006	 53.015
1.0648636	 8.4771729e-006	 53.13
1.0671622	 8.583374e-006	 53.245
1.0694607	 8.5980225e-006	 53.36
1.0717592	 8.6700439e-006	 53.475
1.0740578	 8.7658691e-006	 53.59
1.0763739	 8.8098145e-006	 53.705
1.0786724	 8.6248779e-006	 53.82
1.080971	 8.6749268e-006	 53.935
1.0832695	 8.7579346e-006	 54.05
1.085568	 9.0881348e-006	 54.165
1.0878666	 9.1320801e-006	 54.28
1.0901651	 9.2004395e-006	 54.395
1.0924637	 9.2578125e-006	 54.51
1.0947622	 9.2297363e-006	 54.625
1.0970607	 9.2871094e-006	 54.74
1.0993593	 9.4012451e-006	 54.855
1.1016578	 9.1955566e-006	 54.97
1.1039564	 9.1821289e-006	 55.085
1.1062549	 9.263916e-006	 55.2
1.1085534	 9.553833e-006	 55.315
1.1108695	 9.8260498e-006	 55.43
1.1131681	 9.7698975e-006	 55.545
1.1154666	 9.8883057e-006	 55.66
1.1177652	 9.9395752e-006	 55.775
1.1200637	 9.9572754e-006	 55.89
1.1223622	 1.0136719e-005	 56.005
1.1246608	 9.9371338e-006	 56.12
1.1269593	 9.8358154e-006	 56.235
1.1292579	 9.9041748e-006	 56.35
1.1315564	 1.0164795e-005	 56.465
1.1338549	 1.036499e-005	 56.58
1.1361535	 1.0368652e-005	 56.695
1.138452	 1.0519409e-005	 56.81
1.1407506	 1.0592651e-005	 56.925
1.1430667	 1.0701904e-005	 57.04
1.1453652	 1.0923462e-005	 57.155
1.1476637	 1.0787964e-005	 57.27
1.1499623	 1.0656738e-005	 57.385
1.1522608	 1.0678101e-005	 57.5
1.1545594	 1.0880127e-005	 57.615
1.1568579	 1.1122437e-005	 57.73
1.1591564	 1.1196289e-005	 57.845
1.161455	 1.1342773e-005	 57.96
1.1637535	 1.138855e-005	 58.075
1.1660521	 1.140686e-005	 58.19
1.1683506	 1.1608276e-005	 58.305
1.1706492	 1.1560059e-005	 58.42
1.1729477	 1.1400757e-005	 58.535
1.1752638	 1.1610107e-005	 58.65
1.1775623	 1.1779785e-005	 58.765
1.1798609	 1.2140503e-005	 58.88
1.1821594	 1.2210693e-005	 58.995
1.184458	 1.2293091e-005	 59.11
1.1867565	 1.2445679e-005	 59.225
1.189055	 1.2446289e-005	 59.34
1.1913536	 1.2562256e-005	 59.455
1.1936521	 1.2686768e-005	 59.57
1.1959507	 1.2515259e-005	 59.685
1.1982492	 1.2581177e-005	 59.8
1.1993371	 1.0009766e-005	 59.915
1.197021	 8.3374023e-006	 60.03
1.1947224	 7.2033691e-006	 60.145
1.1924239	 6.2713623e-006	 60.26
1.1901253	 5.6103516e-006	 60.375
1.1878268	 4.9285889e-006	 60.49
1.1855283	 4.3713379e-006	 60.605
1.1832297	 4.0258789e-006	 60.72
1.1809312	 3.3294678e-006	 60.835
1.1786326	 2.8356934e-006	 60.95
1.1763341	 2.5604248e-006	 61.065
1.1740356	 2.4194336e-006	 61.18
1.171737	 2.2717285e-006	 61.295
1.1694385	 1.9793701e-006	 61.41
1.1671399	 1.8371582e-006	 61.525
1.1648414	 1.6168213e-006	 61.64
1.1625253	 1.260376e-006	 61.755
1.1602268	 1.2628174e-006	 61.87
1.1579282	 8.8684082e-007	 61.985
1.1556297	 5.3686523e-007	 62.1
1.1533311	 4.4610596e-007	 62.215
1.1510326	 4.9267578e-007	 62.33
1.1487341	 5.2386475e-007	 62.445
1.1464355	 3.4509277e-007	 62.56
1.144137	 2.835083e-007	 62.675
1.1418384	 1.7828369e-007	 62.79
1.1395399	 4.7790527e-008	 62.905
1.1372413	 -1.692688e-007	 63.02
1.1326443	 -3.9825439e-007	 63.25
1.1303282	 -6.005249e-007	 63.365
1.1280296	 -5.501709e-007	 63.48
1.1257311	 -4.364624e-007	 63.595
1.1234326	 -4.9041748e-007	 63.71
1.121134	 -5.3894043e-007	 63.825
1.1188355	 -5.456543e-007	 63.94
1.1165369	 -6.7327881e-007	 64.055
1.1142384	 -6.0107422e-007	 64.17
1.1119398	 -7.3040771e-007	 64.285
1.1096413	 -1.0083008e-006	 64.4
1.1073428	 -1.1275024e-006	 64.515
1.1050442	 -1.043457e-006	 64.63
1.1027457	 -8.9215088e-007	 64.745
1.1004471	 -9.6380615e-007	 64.86
1.0981311	 -1.0811768e-006	 64.975
1.0958325	 -1.0552979e-006	 65.09
1.093534	 -1.1373291e-006	 65.205
1.0912354	 -1.1870728e-006	 65.32
1.0889369	 -1.180603e-006	 65.435
1.0866383	 -1.421814e-006	 65.55
1.0843398	 -1.5469971e-006	 65.665
1.0820413	 -1.5428467e-006	 65.78
1.0797427	 -1.3718262e-006	 65.895
1.0774442	 -1.3544312e-006	 66.01
1.0751456	 -1.4118042e-006	 66.125
1.0728471	 -1.3884888e-006	 66.24
1.0705486	 -1.4626465e-006	 66.355
1.06825	 -1.5280151e-006	 66.47
1.0659515	 -1.4567871e-006	 66.585
1.0636354	 -1.7995605e-006	 66.7
1.0613368	 -1.9320068e-006	 66.815
1.0590383	 -1.9439697e-006	 66.93
1.0567398	 -1.8261719e-006	 67.045
1.0544412	 -1.7431641e-006	 67.16
1.0521427	 -1.7974854e-006	 67.275
1.0498441	 -1.7767334e-006	 67.39
1.0475456	 -1.8475342e-006	 67.505
1.0452471	 -1.9085693e-006	 67.62
1.0429485	 -1.7779541e-006	 67.735
1.04065	 -1.9989014e-006	 67.85
1.0383514	 -2.2375488e-006	 67.965
1.0360529	 -2.2845459e-006	 68.08
1.0337543	 -2.1990967e-006	 68.195
1.0314383	 -2.2167969e-006	 68.31
1.0291397	 -2.2564697e-006	 68.425
1.0268412	 -2.2711182e-006	 68.54
1.0245426	 -2.300415e-006	 68.655
1.0222441	 -2.3779297e-006	 68.77
1.0199456	 -2.2973633e-006	 68.885
1.017647	 -2.4542236e-006	 69
1.0153485	 -2.6751709e-006	 69.115
1.0130499	 -2.7209473e-006	 69.23
1.0107514	 -2.756958e-006	 69.345
1.0084528	 -2.5762939e-006	 69.46
1.0061543	 -2.6348877e-006	 69.575
1.0038558	 -2.6953125e-006	 69.69
1.0015572	 -2.6867676e-006	 69.805
0.99924114	 -2.9003906e-006	 69.92
0.99694259	 -3.0047607e-006	 70.035
0.99464405	 -2.9943848e-006	 70.15
0.99234551	 -3.2763672e-006	 70.265
0.99004697	 -3.4350586e-006	 70.38
0.98774843	 -3.4942627e-006	 70.495
0.98544989	 -3.3587646e-006	 70.61
0.98315135	 -3.3312988e-006	 70.725
0.98085281	 -3.4674072e-006	 70.84
0.97855426	 -3.4838867e-006	 70.955
0.97625572	 -3.6462402e-006	 71.07
0.97395718	 -3.7823486e-006	 71.185
0.97165864	 -3.7390137e-006	 71.3
0.9693601	 -4.0368652e-006	 71.415
0.96706156	 -4.3292236e-006	 71.53
0.96474547	 -4.588623e-006	 71.645
0.96244693	 -4.6099854e-006	 71.76
0.96014839	 -4.5983887e-006	 71.875
0.95784985	 -4.753418e-006	 71.99
0.9555513	 -4.8999023e-006	 72.105
0.95325276	 -5.0799561e-006	 72.22
0.95095422	 -5.3167725e-006	 72.335
0.94865568	 -5.4626465e-006	 72.45
0.94635714	 -5.7305908e-006	 72.565
0.9440586	 -6.1999512e-006	 72.68
0.94176006	 -6.4935303e-006	 72.795
0.93946151	 -6.7224121e-006	 72.91
0.93716297	 -6.8109131e-006	 73.025
0.93486443	 -7.1343994e-006	 73.14
0.93254834	 -7.6257324e-006	 73.255
0.9302498	 -7.958374e-006	 73.37
0.92795126	 -8.427124e-006	 73.485
0.92565272	 -8.8970947e-006	 73.6
0.92335418	 -9.2633057e-006	 73.715
0.92105564	 -9.9841309e-006	 73.83
0.9187571	 -1.067627e-005	 73.945
0.91645855	 -1.1245117e-005	 74.06
0.91416001	 -1.1755371e-005	 74.175
0.91186147	 -1.230896e-005	 74.29
0.90956293	 -1.309021e-005	 74.405
0.90726439	 -1.3828735e-005	 74.52
0.90496585	 -1.4737549e-005	 74.635
0.90266731	 -1.5668335e-005	 74.75
0.90035122	 -1.6635742e-005	 74.865
0.89805268	 -1.7832642e-005	 74.98
0.89575414	 -1.9180298e-005	 75.095
0.89345559	 -2.0281982e-005	 75.21
0.89115705	 -2.1478271e-005	 75.325
0.88885851	 -2.2668457e-005	 75.44
0.88655997	 -2.4133301e-005	 75.555
0.88426143	 -2.5665283e-005	 75.67
0.88196289	 -2.7227783e-005	 75.785
0.87966435	 -2.8991699e-005	 75.9
0.87736581	 -3.0773926e-005	 76.015
0.87506726	 -3.2629395e-005	 76.13
0.87276872	 -3.482666e-005	 76.245
0.87047018	 -3.7078857e-005	 76.36
0.86817164	 -3.9190674e-005	 76.475
0.86585555	 -4.1430664e-005	 76.59
0.86355701	 -4.3756104e-005	 76.705
0.86125847	 -4.6264648e-005	 76.82
0.85895993	 -4.8797607e-005	 76.935
0.85666139	 -5.1446533e-005	 77.05
0.85436285	 -5.4296875e-005	 77.165
0.8520643	 -5.7043457e-005	 77.28
0.84976576	 -6.0223389e-005	 77.395
0.84746722	 -6.3397217e-005	 77.51
0.84516868	 -6.6479492e-005	 77.625
0.84287014	 -6.9555664e-005	 77.74
0.8405716	 -7.2595215e-005	 77.855
0.83827306	 -7.5909424e-005	 77.97
0.83597451	 -7.9217529e-005	 78.085
0.83365843	 -8.2824707e-005	 78.2
0.83135989	 -8.6309814e-005	 78.315
0.82906134	 -8.9788818e-005	 78.43
0.8267628	 -9.3463135e-005	 78.545
0.82446426	 -9.7351074e-005	 78.66
0.82216572	 -0.00010097046	 78.775
0.81986718	 -0.00010446777	 78.89
0.81756864	 -0.00010802612	 79.005
0.8152701	 -0.0001118042	 79.12
0.81297155	 -0.00011540527	 79.235
0.81067301	 -0.00011911621	 79.35
0.80837447	 -0.00012276001	 79.465
0.80607593	 -0.00012636108	 79.58
0.80377739	 -0.00012994995	 79.695
0.80147885	 -0.00013397827	 79.81
0.79916276	 -0.00013778687	 79.925
0.79686422	 -0.00014125977	 80.04
0.79456568	 -0.00014439697	 80.155
0.79226714	 -0.00014811401	 80.27
0.78996859	 -0.00015172119	 80.385
0.78767005	 -0.0001553833	 80.5
0.78537151	 -0.00015891724	 80.615
0.78307297	 -0.00016237183	 80.73
0.78077443	 -0.00016575928	 80.845
0.77847589	 -0.00016952515	 80.96
0.77617735	 -0.00017279663	 81.075
0.77387881	 -0.00017606812	 81.19
0.77158026	 -0.0001793457	 81.305
0.76928172	 -0.00018251343	 81.42
0.76696564	 -0.00018579102	 81.535
0.76466709	 -0.00018920898	 81.65
0.76236855	 -0.00019213867	 81.765
0.76007001	 -0.00019506836	 81.88
0.75777147	 -0.00019799805	 81.995
0.75547293	 -0.00020147705	 82.11
0.75317439	 -0.00020428467	 82.225
0.75087585	 -0.00020751953	 82.34
0.7485773	 -0.00021038818	 82.455
0.74627876	 -0.00021307373	 82.57
0.74398022	 -0.00021612549	 82.685
0.74168168	 -0.00021875	 82.8
0.73938314	 -0.00022125244	 82.915
0.7370846	 -0.00022442627	 83.03
0.73476851	 -0.00022680664	 83.145
0.73246997	 -0.00022998047	 83.26
0.73017143	 -0.00023248291	 83.375
0.72787289	 -0.00023510742	 83.49
0.72557434	 -0.00023754883	 83.605
0.7232758	 -0.00023956299	 83.72
0.72097726	 -0.00024243164	 83.835
0.71867872	 -0.00024468994	 83.95
0.71638018	 -0.00024700928	 84.065
0.71408164	 -0.00024951172	 84.18
0.7117831	 -0.00025177002	 84.295
0.70948455	 -0.00025488281	 84.41
0.70718601	 -0.00025720215	 84.525
0.70488747	 -0.00025946045	 84.64
0.70258893	 -0.0002611084	 84.755
0.70027284	 -0.00026348877	 84.87
0.6979743	 -0.00026470947	 84.985
0.69567576	 -0.00026690674	 85.1
0.69337722	 -0.00026904297	 85.215
0.69107868	 -0.00027148438	 85.33
0.68878014	 -0.00027398682	 85.445
0.6864816	 -0.00027557373	 85.56
0.68418305	 -0.0002769165	 85.675
0.68188451	 -0.00027923584	 85.79
0.67958597	 -0.00028100586	 85.905
0.67728743	 -0.00028271484	 86.02
0.67498889	 -0.00028479004	 86.135
0.67269035	 -0.0002869873	 86.25
0.67039181	 -0.00028869629	 86.365
0.66807572	 -0.00029052734	 86.48
0.66577718	 -0.00029260254	 86.595
0.66347864	 -0.00029412842	 86.71
0.66118009	 -0.00029589844	 86.825
0.65888155	 -0.00029766846	 86.94
0.65658301	 -0.00029937744	 87.055
0.65428447	 -0.00030084229	 87.17
0.65198593	 -0.00030200195	 87.285
0.64968739	 -0.00030419922	 87.4
0.64738885	 -0.00030541992	 87.515
0.6450903	 -0.00030749512	 87.63
0.64279176	 -0.00030938721	 87.745
0.64049322	 -0.00031140137	 87.86
0.63819468	 -0.00031237793	 87.975
0.63587859	 -0.00031414795	 88.09
0.63358005	 -0.00031549072	 88.205
0.63128151	 -0.00031689453	 88.32
0.62898297	 -0.00031781006	 88.435
0.62668443	 -0.00031915283	 88.55
0.62438589	 -0.00032061768	 88.665
0.62208734	 -0.00032183838	 88.78
0.6197888	 -0.00032397461	 88.895
0.61749026	 -0.00032556152	 89.01
0.61519172	 -0.0003269043	 89.125
0.61289318	 -0.00032861328	 89.24
0.61059464	 -0.00032922363	 89.355
0.6082961	 -0.0003303833	 89.47
0.60599755	 -0.000331604	 89.585
0.60369901	 -0.00033319092	 89.7
0.60138293	 -0.00033435059	 89.815
0.59908438	 -0.0003348999	 89.93
0.59678584	 -0.00033575439	 90.045
0.5944873	 -0.00033721924	 90.16
0.59218876	 -0.00033892822	 90.275
0.58989022	 -0.00033917236	 90.39
0.58759168	 -0.0003404541	 90.505
0.58529314	 -0.00034179688	 90.62
0.5829946	 -0.00034332275	 90.735
0.58069605	 -0.00034387207	 90.85
0.57839751	 -0.00034527588	 90.965
0.57609897	 -0.00034606934	 91.08
0.57380043	 -0.00034716797	 91.195
0.57150189	 -0.00034838867	 91.31
0.5691858	 -0.00034973145	 91.425
0.56688726	 -0.00035192871	 91.54
0.56458872	 -0.00035314941	 91.655
0.56229018	 -0.00035351563	 91.77
0.55999164	 -0.00035333252	 91.885
0.55769309	 -0.00035412598	 92
0.55539455	 -0.00035467529	 92.115
0.55309601	 -0.00035577393	 92.23
0.55079747	 -0.00035620117	 92.345
0.54849893	 -0.00035693359	 92.46
0.54620039	 -0.00035906982	 92.575
0.54390185	 -0.00036029053	 92.69
0.5416033	 -0.00036187744	 92.805
0.53930476	 -0.00036157227	 92.92
0.53698868	 -0.00036230469	 93.035
0.53469013	 -0.00036328125	 93.15
0.53239159	 -0.00036334229	 93.265
0.53009305	 -0.00036431885	 93.38
0.52779451	 -0.00036468506	 93.495
0.52549597	 -0.00036535645	 93.61
0.52319743	 -0.00036651611	 93.725
0.52089889	 -0.00036724854	 93.84
0.51860034	 -0.00036779785	 93.955
0.5163018	 -0.00036853027	 94.07
0.51400326	 -0.00036932373	 94.185
0.51170472	 -0.00037017822	 94.3
0.50940618	 -0.00037036133	 94.415
0.50710764	 -0.00037127686	 94.53
0.5048091	 -0.00037164307	 94.645
0.50249301	 -0.00037200928	 94.76
0.50019447	 -0.00037304688	 94.875
0.49789593	 -0.00037445068	 94.99
0.49559738	 -0.00037530518	 95.105
0.49329884	 -0.000375	 95.22
0.4910003	 -0.00037554932	 95.335
0.48870176	 -0.00037609863	 95.45
0.48640322	 -0.00037695313	 95.565
0.48410468	 -0.00037738037	 95.68
0.48180614	 -0.00037774658	 95.795
0.4795076	 -0.00037823486	 95.91
0.47720905	 -0.00037860107	 96.025
0.47491051	 -0.00037994385	 96.14
0.47261197	 -0.00038079834	 96.255
0.47029588	 -0.00038226318	 96.37
0.46799734	 -0.00038201904	 96.485
0.4656988	 -0.00038116455	 96.6
0.46340026	 -0.00038201904	 96.715
0.46110172	 -0.00038256836	 96.83
0.45880318	 -0.00038354492	 96.945
0.45650464	 -0.00038421631	 97.06
0.45420609	 -0.00038482666	 97.175
0.45190755	 -0.00038562012	 97.29
0.44960901	 -0.0003862915	 97.405
0.44731047	 -0.00038684082	 97.52
0.44501193	 -0.00038720703	 97.635
0.44271339	 -0.00038787842	 97.75
0.44041485	 -0.00038702393	 97.865
0.43809876	 -0.00038751221	 97.98
0.43580022	 -0.00038861084	 98.095
0.43350168	 -0.00038983154	 98.21
0.43120313	 -0.00038983154	 98.325
0.42890459	 -0.00039019775	 98.44
0.42660605	 -0.00039105225	 98.555
0.42430751	 -0.00039099121	 98.67
0.42200897	 -0.00039227295	 98.785
0.41971043	 -0.00039257813	 98.9
0.41741189	 -0.00039263916	 99.015
0.41511334	 -0.00039337158	 99.13
0.4128148	 -0.00039398193	 99.245
0.41051626	 -0.0003939209	 99.36
0.40821772	 -0.00039459229	 99.475
0.40591918	 -0.00039422607	 99.59
0.40360309	 -0.000394104	 99.705
0.40130455	 -0.00039471436	 99.82
0.39900601	 -0.0003961792	 99.935
0.39670747	 -0.00039654541	 100.05
0.39440893	 -0.00039727783	 100.165
0.39211039	 -0.00039685059	 100.28
0.38981184	 -0.00039733887	 100.395
0.3875133	 -0.00039855957	 100.51
0.38521476	 -0.00039892578	 100.625
0.38291622	 -0.00039837646	 100.74
0.38061768	 -0.00039886475	 100.855
0.37831914	 -0.00040100098	 100.97
0.3760206	 -0.00040155029	 101.085
0.37372205	 -0.00040057373	 101.2
0.37140597	 -0.00040026855	 101.315
0.36910743	 -0.00040039062	 101.43
0.36680888	 -0.0004006958	 101.545
0.36451034	 -0.00040252686	 101.66
0.3622118	 -0.00040319824	 101.775
0.35991326	 -0.00040301514	 101.89
0.35761472	 -0.00040228271	 102.005
0.35531618	 -0.00040356445	 102.12
0.35301764	 -0.00040386963	 102.235
0.35071909	 -0.0004052124	 102.35
0.34842055	 -0.0004050293	 102.465
0.34612201	 -0.00040435791	 102.58
0.34382347	 -0.0004050293	 102.695
0.34152493	 -0.00040478516	 102.81
0.33922639	 -0.00040423584	 102.925
0.3369103	 -0.00040557861	 103.04
0.33461176	 -0.00040509033	 103.155
0.33231322	 -0.00040539551	 103.27
0.33001468	 -0.00040710449	 103.385
0.32771613	 -0.00040673828	 103.5
0.32541759	 -0.00040704346	 103.615
0.32311905	 -0.00040686035	 103.73
0.32082051	 -0.0004072876	 103.845
0.31852197	 -0.00040759277	 103.96
0.31622343	 -0.00040771484	 104.075
0.31392489	 -0.0004083252	 104.19
0.31162634	 -0.00040875244	 104.305
0.3093278	 -0.00040808105	 104.42
0.30702926	 -0.0004074707	 104.535
0.30471317	 -0.00040875244	 104.65
0.30241463	 -0.00040856934	 104.765
0.30011609	 -0.00040948486	 104.88
0.29781755	 -0.00041015625	 104.995
0.29551901	 -0.00041052246	 105.11
0.29322047	 -0.00041101074	 105.225
0.29092193	 -0.00041162109	 105.34
0.28862339	 -0.00041040039	 105.455
0.28632484	 -0.00040948486	 105.57
0.2840263	 -0.00041027832	 105.685
0.28172776	 -0.00041143799	 105.8
0.27942922	 -0.00041156006	 105.915
0.27713068	 -0.00041113281	 106.03
0.27483214	 -0.00041162109	 106.145
0.27251605	 -0.00041149902	 106.26
0.27021751	 -0.00041424561	 106.375
0.26791897	 -0.00041442871	 106.49
0.26562043	 -0.00041271973	 106.605
0.26332188	 -0.00041033936	 106.72
0.26102334	 -0.0004107666	 106.835
0.2587248	 -0.00041259766	 106.95
0.25642626	 -0.00041333008	 107.065
0.25412772	 -0.00041259766	 107.18
0.25182918	 -0.00041210937	 107.295
0.24953064	 -0.00041430664	 107.41
0.24723209	 -0.00041430664	 107.525
0.24493355	 -0.00041375732	 107.64
0.24263501	 -0.00041326904	 107.755
0.24033647	 -0.00041333008	 107.87
0.23802038	 -0.00041259766	 107.985
0.23572184	 -0.00041278076	 108.1
0.2334233	 -0.0004130249	 108.215
0.23112476	 -0.0004130249	 108.33
0.22882622	 -0.00041290283	 108.445
0.22652768	 -0.00041247559	 108.56
0.22422913	 -0.00041345215	 108.675
0.22193059	 -0.00041265869	 108.79
0.21963205	 -0.00041278076	 108.905
0.21733351	 -0.00041265869	 109.02
0.21503497	 -0.00041363525	 109.135
0.21273643	 -0.00041320801	 109.25
0.21043789	 -0.00041320801	 109.365
0.20813935	 -0.00041387939	 109.48
0.20582326	 -0.0004140625	 109.595
0.20352472	 -0.00041259766	 109.71
0.20122617	 -0.00041308594	 109.825
0.19892763	 -0.00041259766	 109.94
0.19662909	 -0.00041119385	 110.055
0.19433055	 -0.00041064453	 110.17
0.19203201	 -0.00041088867	 110.285
0.18973347	 -0.00041186523	 110.4
0.18743493	 -0.00041247559	 110.515
0.18513639	 -0.0004130249	 110.63
0.18283784	 -0.00041247559	 110.745
0.1805393	 -0.00041094971	 110.86
0.17824076	 -0.00041101074	 110.975
0.17594222	 -0.00041143799	 111.09
0.17362613	 -0.00041131592	 111.205
0.17132759	 -0.00040979004	 111.32
0.16902905	 -0.00041009521	 111.435
0.16673051	 -0.00041009521	 111.55
0.16443197	 -0.00041107178	 111.665
0.16213343	 -0.0004118042	 111.78
0.15983488	 -0.00041125488	 111.895
0.15753634	 -0.00041162109	 112.01
0.1552378	 -0.00041119385	 112.125
0.15293926	 -0.00041094971	 112.24
0.15064072	 -0.0004105835	 112.355
0.14834218	 -0.00041027832	 112.47
0.14604364	 -0.00041070557	 112.585
0.14374509	 -0.00041046143	 112.7
0.14144655	 -0.00041156006	 112.815
0.13913047	 -0.00041143799	 112.93
0.13683192	 -0.00041259766	 113.045
0.13453338	 -0.00041326904	 113.16
0.13223484	 -0.0004119873	 113.275
0.1299363	 -0.00041162109	 113.39
0.12763776	 -0.00041210937	 113.505
0.12533922	 -0.00041168213	 113.62
0.12304068	 -0.00041131592	 113.735
0.12074213	 -0.00041015625	 113.85
0.11844359	 -0.00041046143	 113.965
0.11614505	 -0.00041113281	 114.08
0.11384651	 -0.00041241455	 114.195
0.11154797	 -0.00041229248	 114.31
0.10924943	 -0.00041259766	 114.425
0.10693334	 -0.00041253662	 114.54
0.1046348	 -0.00041137695	 114.655
0.10233626	 -0.00041223145	 114.77
0.10003772	 -0.00041168213	 114.885
